q2,     ge,     ge-err, gm,     gm-err 
0.0038, 0.9903, 0.0022, 2.7671, 0.0062 
0.0038, 0.9887, 0.0022, 2.7625, 0.0063 
0.0040, 0.9869, 0.0022, 2.7577, 0.0063 
0.0040, 0.9869, 0.0023, 2.7578, 0.0065 
0.0040, 0.9877, 0.0022, 2.7600, 0.0064 
0.0040, 0.9906, 0.0023, 2.7681, 0.0066 
0.0042, 0.9878, 0.0023, 2.7602, 0.0066 
0.0044, 0.9872, 0.0023, 2.7586, 0.0065 
0.0044, 0.9892, 0.0023, 2.7642, 0.0066 
0.0046, 0.9864, 0.0021, 2.7566, 0.0060 
0.0046, 0.9840, 0.0025, 2.7496, 0.0073 
0.0046, 0.9853, 0.0025, 2.7535, 0.0073 
0.0046, 0.9878, 0.0022, 2.7605, 0.0062 
0.0048, 0.9855, 0.0021, 2.7540, 0.0060 
0.0048, 0.9831, 0.0021, 2.7473, 0.0059 
0.0050, 0.9858, 0.0019, 2.7549, 0.0054 
0.0050, 0.9858, 0.0019, 2.7550, 0.0054 
0.0050, 0.9885, 0.0022, 2.7626, 0.0062 
0.0051, 0.9885, 0.0022, 2.7624, 0.0062 
0.0053, 0.9855, 0.0019, 2.7540, 0.0054 
0.0053, 0.9866, 0.0019, 2.7573, 0.0055 
0.0053, 0.9875, 0.0019, 2.7596, 0.0055 
0.0053, 0.9869, 0.0019, 2.7580, 0.0055 
0.0055, 0.9838, 0.0021, 2.7494, 0.0061 
0.0055, 0.9850, 0.0018, 2.7527, 0.0054 
0.0057, 0.9830, 0.0020, 2.7472, 0.0059 
0.0057, 0.9843, 0.0019, 2.7508, 0.0056 
0.0057, 0.9863, 0.0018, 2.7567, 0.0052 
0.0057, 0.9817, 0.0035, 2.7436, 0.0099 
0.0057, 0.9825, 0.0033, 2.7459, 0.0094 
0.0057, 0.9840, 0.0032, 2.7501, 0.0091 
0.0059, 0.9836, 0.0022, 2.7491, 0.0065 
0.0059, 0.9839, 0.0020, 2.7498, 0.0059 
0.0059, 0.9853, 0.0014, 2.7538, 0.0042 
0.0059, 0.9862, 0.0024, 2.7563, 0.0069 
0.0062, 0.9802, 0.0023, 2.7396, 0.0066 
0.0062, 0.9860, 0.0033, 2.7559, 0.0095 
0.0062, 0.9810, 0.0019, 2.7419, 0.0056 
0.0062, 0.9811, 0.0018, 2.7422, 0.0054 
0.0062, 0.9819, 0.0020, 2.7445, 0.0057 
0.0064, 0.9827, 0.0018, 2.7467, 0.0051 
0.0064, 0.9797, 0.0017, 2.7383, 0.0051 
0.0064, 0.9801, 0.0017, 2.7394, 0.0051 
0.0064, 0.9805, 0.0021, 2.7405, 0.0061 
0.0064, 0.9813, 0.0029, 2.7429, 0.0084 
0.0066, 0.9801, 0.0015, 2.7395, 0.0043 
0.0066, 0.9809, 0.0030, 2.7417, 0.0087 
0.0066, 0.9820, 0.0014, 2.7447, 0.0041 
0.0066, 0.9822, 0.0015, 2.7454, 0.0044 
0.0066, 0.9829, 0.0014, 2.7473, 0.0043 
0.0066, 0.9830, 0.0028, 2.7476, 0.0081 
0.0069, 0.9755, 0.0027, 2.7269, 0.0079 
0.0069, 0.9792, 0.0013, 2.7372, 0.0039 
0.0071, 0.9792, 0.0013, 2.7371, 0.0038 
0.0074, 0.9782, 0.0013, 2.7344, 0.0039 
0.0074, 0.9803, 0.0013, 2.7405, 0.0039 
0.0077, 0.9759, 0.0013, 2.7281, 0.0038 
0.0077, 0.9782, 0.0013, 2.7345, 0.0038 
0.0079, 0.9764, 0.0012, 2.7298, 0.0038 
0.0079, 0.9771, 0.0012, 2.7316, 0.0038 
0.0082, 0.9765, 0.0011, 2.7299, 0.0034 
0.0084, 0.9744, 0.0012, 2.7243, 0.0037 
0.0084, 0.9748, 0.0012, 2.7253, 0.0037 
0.0087, 0.9735, 0.0012, 2.7219, 0.0038 
0.0087, 0.9751, 0.0012, 2.7263, 0.0038 
0.0090, 0.9730, 0.0013, 2.7206, 0.0038 
0.0090, 0.9731, 0.0022, 2.7207, 0.0063 
0.0090, 0.9759, 0.0014, 2.7287, 0.0043 
0.0093, 0.9696, 0.0024, 2.7110, 0.0069 
0.0093, 0.9718, 0.0013, 2.7172, 0.0039 
0.0095, 0.9701, 0.0013, 2.7125, 0.0040 
0.0095, 0.9718, 0.0015, 2.7173, 0.0044 
0.0095, 0.9761, 0.0024, 2.7293, 0.0071 
0.0095, 0.9711, 0.0018, 2.7153, 0.0055 
0.0095, 0.9718, 0.0014, 2.7173, 0.0043 
0.0095, 0.9726, 0.0027, 2.7195, 0.0078 
0.0098, 0.9729, 0.0012, 2.7206, 0.0037 
0.0098, 0.9734, 0.0026, 2.7218, 0.0077 
0.0101, 0.9688, 0.0026, 2.7092, 0.0076 
0.0101, 0.9696, 0.0015, 2.7114, 0.0045 
0.0101, 0.9710, 0.0011, 2.7153, 0.0034 
0.0101, 0.9713, 0.0027, 2.7162, 0.0080 
0.0101, 0.9750, 0.0016, 2.7264, 0.0048 
0.0101, 0.9755, 0.0011, 2.7279, 0.0036 
0.0104, 0.9688, 0.0025, 2.7093, 0.0073 
0.0104, 0.9701, 0.0016, 2.7128, 0.0048 
0.0104, 0.9706, 0.0015, 2.7144, 0.0046 
0.0107, 0.9689, 0.0013, 2.7097, 0.0040 
0.0107, 0.9695, 0.0015, 2.7113, 0.0046 
0.0107, 0.9738, 0.0026, 2.7234, 0.0077 
0.0110, 0.9675, 0.0024, 2.7057, 0.0072 
0.0110, 0.9678, 0.0014, 2.7066, 0.0044 
0.0110, 0.9681, 0.0015, 2.7076, 0.0045 
0.0110, 0.9682, 0.0015, 2.7076, 0.0045 
0.0110, 0.9684, 0.0014, 2.7084, 0.0044 
0.0111, 0.9674, 0.0022, 2.7056, 0.0066 
0.0113, 0.9689, 0.0014, 2.7097, 0.0044 
0.0113, 0.9672, 0.0018, 2.7050, 0.0053 
0.0113, 0.9691, 0.0014, 2.7104, 0.0044 
0.0113, 0.9699, 0.0020, 2.7126, 0.0060 
0.0113, 0.9674, 0.0014, 2.7055, 0.0044 
0.0113, 0.9667, 0.0018, 2.7035, 0.0053 
0.0113, 0.9688, 0.0018, 2.7095, 0.0054 
0.0113, 0.9673, 0.0020, 2.7053, 0.0059 
0.0113, 0.9679, 0.0018, 2.7069, 0.0053 
0.0113, 0.9684, 0.0014, 2.7083, 0.0044 
0.0113, 0.9714, 0.0018, 2.7169, 0.0054 
0.0113, 0.9667, 0.0022, 2.7036, 0.0065 
0.0113, 0.9686, 0.0012, 2.7089, 0.0037 
0.0113, 0.9688, 0.0014, 2.7094, 0.0042 
0.0116, 0.9660, 0.0017, 2.7019, 0.0053 
0.0116, 0.9664, 0.0012, 2.7028, 0.0036 
0.0116, 0.9693, 0.0023, 2.7111, 0.0067 
0.0116, 0.9671, 0.0015, 2.7049, 0.0045 
0.0116, 0.9667, 0.0015, 2.7039, 0.0045 
0.0119, 0.9649, 0.0023, 2.6988, 0.0068 
0.0119, 0.9654, 0.0014, 2.7003, 0.0042 
0.0119, 0.9665, 0.0012, 2.7034, 0.0037 
0.0122, 0.9667, 0.0015, 2.7040, 0.0046 
0.0122, 0.9665, 0.0015, 2.7034, 0.0046 
0.0122, 0.9632, 0.0012, 2.6941, 0.0037 
0.0122, 0.9634, 0.0011, 2.6947, 0.0036 
0.0125, 0.9644, 0.0013, 2.6977, 0.0039 
0.0125, 0.9648, 0.0012, 2.6988, 0.0037 
0.0128, 0.9622, 0.0015, 2.6916, 0.0047 
0.0128, 0.9662, 0.0015, 2.7028, 0.0047 
0.0128, 0.9634, 0.0016, 2.6949, 0.0050 
0.0128, 0.9676, 0.0017, 2.7067, 0.0051 
0.0128, 0.9677, 0.0017, 2.7070, 0.0051 
0.0128, 0.9681, 0.0017, 2.7080, 0.0052 
0.0128, 0.9631, 0.0016, 2.6940, 0.0049 
0.0128, 0.9639, 0.0016, 2.6964, 0.0049 
0.0129, 0.9641, 0.0015, 2.6969, 0.0046 
0.0129, 0.9643, 0.0015, 2.6976, 0.0045 
0.0129, 0.9689, 0.0015, 2.7104, 0.0048 
0.0132, 0.9637, 0.0017, 2.6959, 0.0051 
0.0132, 0.9652, 0.0017, 2.7000, 0.0051 
0.0134, 0.9628, 0.0015, 2.6936, 0.0048 
0.0134, 0.9633, 0.0015, 2.6949, 0.0046 
0.0134, 0.9645, 0.0015, 2.6982, 0.0046 
0.0135, 0.9625, 0.0015, 2.6927, 0.0048 
0.0135, 0.9628, 0.0015, 2.6936, 0.0048 
0.0138, 0.9609, 0.0014, 2.6882, 0.0044 
0.0138, 0.9626, 0.0014, 2.6930, 0.0044 
0.0140, 0.9613, 0.0015, 2.6894, 0.0047 
0.0140, 0.9593, 0.0015, 2.6840, 0.0046 
0.0142, 0.9610, 0.0014, 2.6887, 0.0043 
0.0142, 0.9634, 0.0014, 2.6954, 0.0043 
0.0145, 0.9601, 0.0014, 2.6862, 0.0045 
0.0145, 0.9601, 0.0014, 2.6862, 0.0045 
0.0145, 0.9606, 0.0014, 2.6876, 0.0045 
0.0145, 0.9610, 0.0014, 2.6888, 0.0045 
0.0146, 0.9602, 0.0014, 2.6867, 0.0045 
0.0146, 0.9582, 0.0015, 2.6809, 0.0048 
0.0146, 0.9590, 0.0015, 2.6832, 0.0048 
0.0146, 0.9602, 0.0014, 2.6866, 0.0045 
0.0148, 0.9584, 0.0026, 2.6816, 0.0079 
0.0148, 0.9609, 0.0014, 2.6886, 0.0043 
0.0148, 0.9613, 0.0016, 2.6897, 0.0049 
0.0152, 0.9533, 0.0030, 2.6676, 0.0089 
0.0152, 0.9533, 0.0030, 2.6675, 0.0089 
0.0152, 0.9544, 0.0030, 2.6705, 0.0089 
0.0152, 0.9580, 0.0030, 2.6805, 0.0090 
0.0153, 0.9590, 0.0015, 2.6834, 0.0047 
0.0153, 0.9593, 0.0015, 2.6843, 0.0047 
0.0155, 0.9572, 0.0011, 2.6785, 0.0037 
0.0155, 0.9580, 0.0011, 2.6806, 0.0037 
0.0159, 0.9549, 0.0014, 2.6723, 0.0043 
0.0159, 0.9565, 0.0014, 2.6767, 0.0044 
0.0159, 0.9566, 0.0015, 2.6769, 0.0048 
0.0159, 0.9571, 0.0015, 2.6785, 0.0048 
0.0162, 0.9519, 0.0029, 2.6638, 0.0087 
0.0162, 0.9523, 0.0034, 2.6651, 0.0101 
0.0162, 0.9528, 0.0027, 2.6664, 0.0082 
0.0162, 0.9490, 0.0029, 2.6557, 0.0086 
0.0162, 0.9561, 0.0011, 2.6755, 0.0038 
0.0162, 0.9539, 0.0011, 2.6694, 0.0037 
0.0162, 0.9545, 0.0014, 2.6712, 0.0046 
0.0162, 0.9559, 0.0014, 2.6750, 0.0046 
0.0162, 0.9561, 0.0014, 2.6755, 0.0045 
0.0162, 0.9563, 0.0016, 2.6763, 0.0051 
0.0162, 0.9525, 0.0029, 2.6657, 0.0085 
0.0165, 0.9509, 0.0013, 2.6612, 0.0042 
0.0165, 0.9510, 0.0022, 2.6615, 0.0067 
0.0165, 0.9527, 0.0011, 2.6663, 0.0037 
0.0166, 0.9536, 0.0014, 2.6687, 0.0044 
0.0166, 0.9549, 0.0014, 2.6724, 0.0044 
0.0166, 0.9539, 0.0014, 2.6696, 0.0044 
0.0166, 0.9550, 0.0014, 2.6726, 0.0044 
0.0169, 0.9528, 0.0013, 2.6666, 0.0042 
0.0169, 0.9540, 0.0022, 2.6700, 0.0068 
0.0169, 0.9520, 0.0011, 2.6644, 0.0037 
0.0172, 0.9506, 0.0027, 2.6606, 0.0082 
0.0172, 0.9520, 0.0025, 2.6646, 0.0075 
0.0172, 0.9480, 0.0027, 2.6534, 0.0081 
0.0172, 0.9507, 0.0024, 2.6608, 0.0074 
0.0172, 0.9492, 0.0022, 2.6567, 0.0067 
0.0172, 0.9527, 0.0011, 2.6665, 0.0037 
0.0172, 0.9527, 0.0013, 2.6666, 0.0042 
0.0173, 0.9495, 0.0014, 2.6575, 0.0046 
0.0173, 0.9503, 0.0012, 2.6597, 0.0039 
0.0173, 0.9507, 0.0014, 2.6609, 0.0046 
0.0173, 0.9507, 0.0012, 2.6610, 0.0039 
0.0176, 0.9487, 0.0013, 2.6554, 0.0042 
0.0176, 0.9492, 0.0022, 2.6569, 0.0068 
0.0176, 0.9521, 0.0011, 2.6650, 0.0038 
0.0180, 0.9486, 0.0011, 2.6551, 0.0038 
0.0180, 0.9498, 0.0022, 2.6586, 0.0068 
0.0180, 0.9505, 0.0013, 2.6605, 0.0043 
0.0180, 0.9483, 0.0014, 2.6545, 0.0045 
0.0180, 0.9501, 0.0014, 2.6595, 0.0045 
0.0180, 0.9492, 0.0016, 2.6569, 0.0050 
0.0180, 0.9514, 0.0013, 2.6631, 0.0043 
0.0180, 0.9490, 0.0026, 2.6564, 0.0078 
0.0180, 0.9466, 0.0015, 2.6497, 0.0048 
0.0182, 0.9495, 0.0025, 2.6577, 0.0075 
0.0182, 0.9509, 0.0025, 2.6618, 0.0076 
0.0183, 0.9458, 0.0013, 2.6474, 0.0041 
0.0183, 0.9487, 0.0011, 2.6557, 0.0037 
0.0183, 0.9504, 0.0022, 2.6604, 0.0067 
0.0186, 0.9490, 0.0014, 2.6567, 0.0045 
0.0186, 0.9467, 0.0014, 2.6501, 0.0045 
0.0186, 0.9482, 0.0014, 2.6543, 0.0045 
0.0186, 0.9484, 0.0013, 2.6550, 0.0044 
0.0187, 0.9451, 0.0013, 2.6456, 0.0042 
0.0187, 0.9481, 0.0021, 2.6541, 0.0066 
0.0190, 0.9448, 0.0022, 2.6451, 0.0067 
0.0190, 0.9471, 0.0011, 2.6515, 0.0038 
0.0190, 0.9486, 0.0013, 2.6556, 0.0043 
0.0192, 0.9435, 0.0019, 2.6414, 0.0059 
0.0193, 0.9459, 0.0014, 2.6482, 0.0046 
0.0193, 0.9487, 0.0014, 2.6561, 0.0046 
0.0194, 0.9439, 0.0022, 2.6425, 0.0067 
0.0194, 0.9445, 0.0010, 2.6441, 0.0034 
0.0194, 0.9481, 0.0013, 2.6544, 0.0043 
0.0198, 0.9421, 0.0010, 2.6378, 0.0035 
0.0198, 0.9425, 0.0021, 2.6387, 0.0066 
0.0198, 0.9443, 0.0013, 2.6439, 0.0043 
0.0198, 0.9453, 0.0024, 2.6466, 0.0073 
0.0198, 0.9422, 0.0024, 2.6379, 0.0074 
0.0198, 0.9435, 0.0014, 2.6416, 0.0046 
0.0198, 0.9441, 0.0015, 2.6431, 0.0048 
0.0198, 0.9441, 0.0016, 2.6432, 0.0052 
0.0201, 0.9442, 0.0014, 2.6435, 0.0045 
0.0201, 0.9450, 0.0014, 2.6458, 0.0045 
0.0201, 0.9406, 0.0015, 2.6334, 0.0049 
0.0201, 0.9407, 0.0011, 2.6337, 0.0038 
0.0202, 0.9423, 0.0021, 2.6384, 0.0066 
0.0202, 0.9412, 0.0019, 2.6351, 0.0060 
0.0202, 0.9411, 0.0021, 2.6350, 0.0066 
0.0205, 0.9394, 0.0010, 2.6303, 0.0035 
0.0205, 0.9406, 0.0010, 2.6336, 0.0035 
0.0208, 0.9433, 0.0015, 2.6414, 0.0049 
0.0209, 0.9367, 0.0010, 2.6229, 0.0035 
0.0209, 0.9394, 0.0021, 2.6305, 0.0067 
0.0209, 0.9407, 0.0012, 2.6341, 0.0039 
0.0213, 0.9359, 0.0010, 2.6207, 0.0036 
0.0213, 0.9390, 0.0015, 2.6295, 0.0049 
0.0213, 0.9384, 0.0022, 2.6278, 0.0068 
0.0213, 0.9396, 0.0022, 2.6312, 0.0068 
0.0215, 0.9410, 0.0014, 2.6351, 0.0047 
0.0217, 0.9379, 0.0010, 2.6265, 0.0036 
0.0217, 0.9387, 0.0014, 2.6289, 0.0047 
0.0217, 0.9392, 0.0017, 2.6301, 0.0056 
0.0217, 0.9368, 0.0013, 2.6234, 0.0044 
0.0217, 0.9438, 0.0024, 2.6431, 0.0075 
0.0223, 0.9390, 0.0015, 2.6299, 0.0048 
0.0223, 0.9409, 0.0015, 2.6350, 0.0048 
0.0224, 0.9363, 0.0018, 2.6224, 0.0058 
0.0224, 0.9363, 0.0020, 2.6223, 0.0064 
0.0230, 0.9355, 0.0014, 2.6202, 0.0047 
0.0230, 0.9374, 0.0014, 2.6257, 0.0047 
0.0236, 0.9327, 0.0026, 2.6126, 0.0081 
0.0236, 0.9351, 0.0026, 2.6192, 0.0080 
0.0236, 0.9318, 0.0014, 2.6102, 0.0047 
0.0236, 0.9317, 0.0017, 2.6098, 0.0054 
0.0236, 0.9341, 0.0013, 2.6164, 0.0043 
0.0236, 0.9342, 0.0013, 2.6168, 0.0043 
0.0238, 0.9362, 0.0014, 2.6226, 0.0048 
0.0238, 0.9376, 0.0014, 2.6262, 0.0048 
0.0246, 0.9335, 0.0013, 2.6150, 0.0046 
0.0246, 0.9345, 0.0014, 2.6180, 0.0046 
0.0247, 0.9318, 0.0024, 2.6105, 0.0076 
0.0247, 0.9289, 0.0024, 2.6023, 0.0075 
0.0254, 0.9265, 0.0013, 2.5958, 0.0045 
0.0254, 0.9245, 0.0013, 2.5903, 0.0044 
0.0254, 0.9319, 0.0014, 2.6110, 0.0048 
0.0255, 0.9326, 0.0031, 2.6130, 0.0097 
0.0256, 0.9252, 0.0013, 2.5921, 0.0044 
0.0256, 0.9253, 0.0015, 2.5926, 0.0051 
0.0256, 0.9267, 0.0010, 2.5965, 0.0036 
0.0256, 0.9252, 0.0021, 2.5923, 0.0068 
0.0256, 0.9285, 0.0022, 2.6015, 0.0070 
0.0259, 0.9278, 0.0022, 2.5995, 0.0069 
0.0259, 0.9296, 0.0022, 2.6045, 0.0070 
0.0262, 0.9263, 0.0014, 2.5955, 0.0048 
0.0262, 0.9264, 0.0014, 2.5957, 0.0048 
0.0262, 0.9262, 0.0014, 2.5952, 0.0046 
0.0262, 0.9280, 0.0013, 2.6003, 0.0046 
0.0270, 0.9253, 0.0014, 2.5928, 0.0046 
0.0270, 0.9248, 0.0014, 2.5916, 0.0047 
0.0270, 0.9218, 0.0014, 2.5830, 0.0048 
0.0271, 0.9235, 0.0024, 2.5879, 0.0077 
0.0271, 0.9224, 0.0022, 2.5848, 0.0069 
0.0271, 0.9229, 0.0021, 2.5863, 0.0068 
0.0271, 0.9227, 0.0021, 2.5857, 0.0068 
0.0272, 0.9220, 0.0034, 2.5837, 0.0105 
0.0272, 0.9206, 0.0034, 2.5800, 0.0103 
0.0276, 0.9214, 0.0011, 2.5822, 0.0039 
0.0276, 0.9219, 0.0011, 2.5835, 0.0038 
0.0276, 0.9220, 0.0021, 2.5840, 0.0066 
0.0276, 0.9201, 0.0011, 2.5785, 0.0038 
0.0278, 0.9214, 0.0014, 2.5823, 0.0047 
0.0278, 0.9232, 0.0014, 2.5874, 0.0047 
0.0283, 0.9204, 0.0017, 2.5796, 0.0055 
0.0286, 0.9200, 0.0011, 2.5787, 0.0041 
0.0286, 0.9206, 0.0014, 2.5803, 0.0047 
0.0286, 0.9225, 0.0014, 2.5857, 0.0048 
0.0288, 0.9242, 0.0035, 2.5904, 0.0106 
0.0288, 0.9228, 0.0035, 2.5865, 0.0106 
0.0295, 0.9181, 0.0011, 2.5735, 0.0040 
0.0295, 0.9129, 0.0012, 2.5590, 0.0043 
0.0295, 0.9133, 0.0012, 2.5602, 0.0043 
0.0296, 0.9191, 0.0018, 2.5765, 0.0061 
0.0296, 0.9176, 0.0020, 2.5722, 0.0065 
0.0296, 0.9193, 0.0019, 2.5770, 0.0061 
0.0296, 0.9199, 0.0020, 2.5786, 0.0064 
0.0296, 0.9151, 0.0009, 2.5652, 0.0035 
0.0303, 0.9168, 0.0010, 2.5701, 0.0039 
0.0304, 0.9158, 0.0034, 2.5674, 0.0104 
0.0304, 0.9153, 0.0034, 2.5659, 0.0104 
0.0308, 0.9122, 0.0018, 2.5575, 0.0061 
0.0308, 0.9144, 0.0018, 2.5637, 0.0061 
0.0312, 0.9130, 0.0011, 2.5600, 0.0041 
0.0312, 0.9134, 0.0011, 2.5611, 0.0041 
0.0317, 0.9114, 0.0009, 2.5554, 0.0035 
0.0320, 0.9115, 0.0011, 2.5559, 0.0042 
0.0320, 0.9126, 0.0011, 2.5588, 0.0042 
0.0322, 0.9120, 0.0013, 2.5573, 0.0047 
0.0322, 0.9132, 0.0014, 2.5606, 0.0050 
0.0322, 0.9105, 0.0035, 2.5532, 0.0108 
0.0322, 0.9111, 0.0035, 2.5548, 0.0109 
0.0322, 0.9145, 0.0036, 2.5643, 0.0111 
0.0329, 0.9068, 0.0009, 2.5430, 0.0036 
0.0334, 0.9092, 0.0017, 2.5499, 0.0057 
0.0334, 0.9077, 0.0017, 2.5457, 0.0057 
0.0334, 0.9078, 0.0017, 2.5459, 0.0057 
0.0334, 0.9070, 0.0017, 2.5438, 0.0057 
0.0338, 0.9041, 0.0010, 2.5356, 0.0036 
0.0338, 0.9061, 0.0010, 2.5413, 0.0036 
0.0338, 0.9052, 0.0009, 2.5388, 0.0036 
0.0338, 0.9064, 0.0009, 2.5421, 0.0036 
0.0340, 0.9057, 0.0034, 2.5402, 0.0105 
0.0340, 0.9064, 0.0030, 2.5421, 0.0094 
0.0340, 0.9070, 0.0034, 2.5438, 0.0106 
0.0340, 0.9078, 0.0025, 2.5460, 0.0081 
0.0340, 0.9116, 0.0031, 2.5569, 0.0097 
0.0340, 0.9081, 0.0028, 2.5469, 0.0090 
0.0340, 0.9085, 0.0034, 2.5480, 0.0106 
0.0340, 0.9093, 0.0028, 2.5503, 0.0090 
0.0347, 0.9030, 0.0009, 2.5328, 0.0036 
0.0347, 0.9051, 0.0009, 2.5389, 0.0036 
0.0348, 0.9060, 0.0013, 2.5413, 0.0048 
0.0348, 0.9043, 0.0012, 2.5366, 0.0044 
0.0348, 0.9061, 0.0013, 2.5417, 0.0048 
0.0355, 0.9025, 0.0009, 2.5318, 0.0036 
0.0355, 0.9028, 0.0011, 2.5325, 0.0040 
0.0357, 0.9017, 0.0025, 2.5294, 0.0081 
0.0357, 0.9022, 0.0023, 2.5310, 0.0076 
0.0359, 0.9029, 0.0010, 2.5330, 0.0036 
0.0359, 0.9031, 0.0010, 2.5335, 0.0036 
0.0362, 0.9014, 0.0015, 2.5289, 0.0054 
0.0362, 0.9020, 0.0015, 2.5305, 0.0054 
0.0365, 0.8977, 0.0015, 2.5185, 0.0053 
0.0374, 0.8964, 0.0014, 2.5151, 0.0051 
0.0374, 0.8973, 0.0014, 2.5179, 0.0051 
0.0375, 0.8988, 0.0017, 2.5220, 0.0059 
0.0375, 0.8994, 0.0014, 2.5237, 0.0052 
0.0376, 0.8986, 0.0025, 2.5213, 0.0081 
0.0380, 0.8963, 0.0009, 2.5150, 0.0036 
0.0380, 0.8951, 0.0009, 2.5117, 0.0036 
0.0389, 0.8937, 0.0014, 2.5082, 0.0050 
0.0389, 0.8952, 0.0014, 2.5122, 0.0050 
0.0393, 0.8931, 0.0011, 2.5065, 0.0041 
0.0393, 0.8937, 0.0011, 2.5082, 0.0041 
0.0394, 0.8915, 0.0020, 2.5021, 0.0069 
0.0394, 0.8929, 0.0021, 2.5061, 0.0069 
0.0394, 0.8955, 0.0021, 2.5133, 0.0070 
0.0394, 0.8970, 0.0028, 2.5174, 0.0091 
0.0394, 0.8894, 0.0027, 2.4963, 0.0086 
0.0394, 0.8916, 0.0027, 2.5023, 0.0089 
0.0394, 0.8932, 0.0028, 2.5068, 0.0089 
0.0394, 0.8933, 0.0021, 2.5071, 0.0070 
0.0394, 0.8948, 0.0028, 2.5113, 0.0090 
0.0401, 0.8901, 0.0009, 2.4984, 0.0034 
0.0402, 0.8915, 0.0010, 2.5024, 0.0039 
0.0402, 0.8933, 0.0010, 2.5075, 0.0039 
0.0403, 0.8926, 0.0014, 2.5055, 0.0052 
0.0403, 0.8924, 0.0017, 2.5048, 0.0060 
0.0411, 0.8875, 0.0009, 2.4915, 0.0037 
0.0411, 0.8876, 0.0009, 2.4918, 0.0037 
0.0413, 0.8875, 0.0021, 2.4914, 0.0070 
0.0413, 0.8885, 0.0021, 2.4942, 0.0070 
0.0418, 0.8871, 0.0014, 2.4905, 0.0051 
0.0418, 0.8893, 0.0014, 2.4966, 0.0051 
0.0421, 0.8873, 0.0009, 2.4911, 0.0037 
0.0421, 0.8865, 0.0009, 2.4889, 0.0037 
0.0421, 0.8863, 0.0013, 2.4884, 0.0047 
0.0421, 0.8856, 0.0013, 2.4863, 0.0047 
0.0422, 0.8868, 0.0010, 2.4898, 0.0038 
0.0422, 0.8860, 0.0010, 2.4876, 0.0038 
0.0430, 0.8836, 0.0011, 2.4809, 0.0043 
0.0430, 0.8837, 0.0014, 2.4813, 0.0052 
0.0430, 0.8840, 0.0011, 2.4821, 0.0043 
0.0430, 0.8835, 0.0011, 2.4807, 0.0043 
0.0430, 0.8839, 0.0010, 2.4819, 0.0041 
0.0430, 0.8809, 0.0014, 2.4736, 0.0052 
0.0430, 0.8829, 0.0010, 2.4790, 0.0041 
0.0430, 0.8835, 0.0011, 2.4808, 0.0043 
0.0430, 0.8829, 0.0015, 2.4791, 0.0054 
0.0430, 0.8839, 0.0009, 2.4820, 0.0037 
0.0430, 0.8854, 0.0009, 2.4860, 0.0037 
0.0432, 0.8844, 0.0011, 2.4834, 0.0044 
0.0433, 0.8827, 0.0021, 2.4786, 0.0071 
0.0433, 0.8792, 0.0020, 2.4689, 0.0070 
0.0433, 0.8805, 0.0021, 2.4724, 0.0070 
0.0433, 0.8830, 0.0017, 2.4793, 0.0059 
0.0433, 0.8832, 0.0021, 2.4801, 0.0071 
0.0433, 0.8846, 0.0012, 2.4839, 0.0046 
0.0433, 0.8850, 0.0014, 2.4850, 0.0051 
0.0433, 0.8863, 0.0017, 2.4887, 0.0060 
0.0433, 0.8841, 0.0015, 2.4827, 0.0053 
0.0433, 0.8807, 0.0016, 2.4730, 0.0058 
0.0440, 0.8795, 0.0009, 2.4699, 0.0036 
0.0442, 0.8793, 0.0013, 2.4694, 0.0048 
0.0442, 0.8770, 0.0013, 2.4628, 0.0047 
0.0443, 0.8823, 0.0010, 2.4777, 0.0038 
0.0443, 0.8797, 0.0010, 2.4704, 0.0038 
0.0447, 0.8814, 0.0012, 2.4755, 0.0046 
0.0447, 0.8796, 0.0012, 2.4704, 0.0046 
0.0450, 0.8780, 0.0009, 2.4659, 0.0036 
0.0450, 0.8785, 0.0008, 2.4673, 0.0036 
0.0453, 0.8773, 0.0016, 2.4641, 0.0058 
0.0459, 0.8758, 0.0009, 2.4600, 0.0036 
0.0459, 0.8766, 0.0008, 2.4622, 0.0036 
0.0462, 0.8770, 0.0012, 2.4636, 0.0048 
0.0462, 0.8772, 0.0012, 2.4642, 0.0048 
0.0463, 0.8757, 0.0016, 2.4598, 0.0056 
0.0463, 0.8748, 0.0013, 2.4573, 0.0047 
0.0463, 0.8760, 0.0010, 2.4606, 0.0039 
0.0463, 0.8762, 0.0012, 2.4613, 0.0043 
0.0463, 0.8745, 0.0018, 2.4564, 0.0060 
0.0469, 0.8759, 0.0009, 2.4606, 0.0036 
0.0469, 0.8743, 0.0009, 2.4562, 0.0037 
0.0473, 0.8758, 0.0016, 2.4605, 0.0059 
0.0477, 0.8734, 0.0014, 2.4540, 0.0053 
0.0477, 0.8738, 0.0012, 2.4550, 0.0046 
0.0479, 0.8712, 0.0009, 2.4478, 0.0037 
0.0479, 0.8705, 0.0009, 2.4459, 0.0037 
0.0479, 0.8708, 0.0010, 2.4466, 0.0040 
0.0479, 0.8682, 0.0011, 2.4392, 0.0043 
0.0479, 0.8708, 0.0010, 2.4467, 0.0040 
0.0479, 0.8718, 0.0010, 2.4495, 0.0040 
0.0479, 0.8696, 0.0010, 2.4434, 0.0040 
0.0479, 0.8701, 0.0011, 2.4448, 0.0043 
0.0479, 0.8719, 0.0010, 2.4498, 0.0041 
0.0479, 0.8710, 0.0012, 2.4472, 0.0047 
0.0479, 0.8695, 0.0011, 2.4430, 0.0043 
0.0479, 0.8717, 0.0010, 2.4493, 0.0041 
0.0479, 0.8722, 0.0011, 2.4506, 0.0044 
0.0479, 0.8711, 0.0010, 2.4476, 0.0040 
0.0479, 0.8708, 0.0012, 2.4465, 0.0045 
0.0479, 0.8703, 0.0011, 2.4452, 0.0043 
0.0484, 0.8690, 0.0013, 2.4418, 0.0048 
0.0484, 0.8690, 0.0013, 2.4417, 0.0048 
0.0484, 0.8698, 0.0020, 2.4440, 0.0066 
0.0484, 0.8719, 0.0011, 2.4499, 0.0040 
0.0489, 0.8690, 0.0008, 2.4420, 0.0034 
0.0489, 0.8698, 0.0008, 2.4441, 0.0034 
0.0489, 0.8707, 0.0008, 2.4467, 0.0034 
0.0493, 0.8707, 0.0012, 2.4467, 0.0047 
0.0493, 0.8714, 0.0012, 2.4486, 0.0047 
0.0494, 0.8643, 0.0016, 2.4287, 0.0058 
0.0505, 0.8634, 0.0023, 2.4266, 0.0074 
0.0505, 0.8633, 0.0011, 2.4263, 0.0041 
0.0505, 0.8640, 0.0016, 2.4282, 0.0055 
0.0505, 0.8659, 0.0013, 2.4335, 0.0046 
0.0505, 0.8666, 0.0013, 2.4357, 0.0045 
0.0505, 0.8660, 0.0021, 2.4341, 0.0069 
0.0508, 0.8653, 0.0012, 2.4320, 0.0048 
0.0508, 0.8656, 0.0012, 2.4330, 0.0048 
0.0515, 0.8632, 0.0016, 2.4264, 0.0058 
0.0524, 0.8624, 0.0011, 2.4245, 0.0044 
0.0524, 0.8635, 0.0014, 2.4275, 0.0055 
0.0525, 0.8600, 0.0027, 2.4176, 0.0086 
0.0525, 0.8584, 0.0014, 2.4132, 0.0050 
0.0525, 0.8589, 0.0016, 2.4146, 0.0056 
0.0525, 0.8625, 0.0023, 2.4247, 0.0075 
0.0525, 0.8624, 0.0011, 2.4246, 0.0041 
0.0530, 0.8584, 0.0010, 2.4132, 0.0041 
0.0530, 0.8592, 0.0010, 2.4157, 0.0041 
0.0530, 0.8604, 0.0010, 2.4189, 0.0041 
0.0530, 0.8607, 0.0010, 2.4199, 0.0041 
0.0530, 0.8612, 0.0010, 2.4211, 0.0041 
0.0530, 0.8604, 0.0010, 2.4189, 0.0041 
0.0537, 0.8601, 0.0016, 2.4183, 0.0059 
0.0540, 0.8577, 0.0011, 2.4116, 0.0045 
0.0540, 0.8589, 0.0013, 2.4151, 0.0051 
0.0545, 0.8535, 0.0030, 2.4000, 0.0093 
0.0545, 0.8560, 0.0018, 2.4070, 0.0059 
0.0545, 0.8511, 0.0016, 2.3932, 0.0055 
0.0545, 0.8552, 0.0013, 2.4049, 0.0046 
0.0545, 0.8571, 0.0024, 2.4100, 0.0077 
0.0545, 0.8553, 0.0011, 2.4051, 0.0039 
0.0545, 0.8595, 0.0014, 2.4169, 0.0047 
0.0545, 0.8546, 0.0014, 2.4030, 0.0049 
0.0556, 0.8535, 0.0011, 2.4002, 0.0046 
0.0556, 0.8545, 0.0011, 2.4031, 0.0046 
0.0557, 0.8546, 0.0013, 2.4036, 0.0051 
0.0557, 0.8552, 0.0016, 2.4051, 0.0059 
0.0557, 0.8537, 0.0016, 2.4009, 0.0059 
0.0565, 0.8490, 0.0013, 2.3878, 0.0045 
0.0565, 0.8507, 0.0013, 2.3926, 0.0045 
0.0565, 0.8499, 0.0023, 2.3904, 0.0075 
0.0565, 0.8519, 0.0015, 2.3960, 0.0051 
0.0565, 0.8537, 0.0015, 2.4011, 0.0051 
0.0572, 0.8530, 0.0010, 2.3993, 0.0043 
0.0572, 0.8515, 0.0011, 2.3953, 0.0046 
0.0572, 0.8521, 0.0013, 2.3968, 0.0052 
0.0572, 0.8505, 0.0011, 2.3925, 0.0047 
0.0572, 0.8513, 0.0014, 2.3946, 0.0054 
0.0580, 0.8485, 0.0013, 2.3871, 0.0051 
0.0581, 0.8468, 0.0010, 2.3822, 0.0041 
0.0582, 0.8482, 0.0010, 2.3861, 0.0042 
0.0582, 0.8484, 0.0010, 2.3869, 0.0041 
0.0582, 0.8483, 0.0010, 2.3865, 0.0042 
0.0582, 0.8455, 0.0010, 2.3785, 0.0041 
0.0582, 0.8474, 0.0010, 2.3840, 0.0041 
0.0584, 0.8478, 0.0015, 2.3853, 0.0052 
0.0584, 0.8480, 0.0025, 2.3857, 0.0079 
0.0584, 0.8490, 0.0014, 2.3884, 0.0047 
0.0586, 0.8438, 0.0025, 2.3738, 0.0086 
0.0586, 0.8458, 0.0024, 2.3795, 0.0082 
0.0586, 0.8495, 0.0024, 2.3899, 0.0083 
0.0589, 0.8472, 0.0012, 2.3835, 0.0049 
0.0589, 0.8473, 0.0012, 2.3838, 0.0050 
0.0590, 0.8445, 0.0026, 2.3759, 0.0087 
0.0590, 0.8467, 0.0023, 2.3822, 0.0080 
0.0590, 0.8511, 0.0029, 2.3946, 0.0096 
0.0590, 0.8465, 0.0023, 2.3816, 0.0080 
0.0590, 0.8478, 0.0026, 2.3854, 0.0089 
0.0590, 0.8455, 0.0026, 2.3787, 0.0088 
0.0590, 0.8476, 0.0026, 2.3846, 0.0089 
0.0590, 0.8481, 0.0026, 2.3863, 0.0089 
0.0590, 0.8428, 0.0023, 2.3713, 0.0080 
0.0590, 0.8478, 0.0026, 2.3854, 0.0089 
0.0590, 0.8412, 0.0025, 2.3667, 0.0085 
0.0590, 0.8454, 0.0021, 2.3785, 0.0075 
0.0602, 0.8450, 0.0011, 2.3779, 0.0045 
0.0602, 0.8424, 0.0013, 2.3705, 0.0051 
0.0603, 0.8418, 0.0014, 2.3690, 0.0047 
0.0603, 0.8408, 0.0014, 2.3661, 0.0047 
0.0603, 0.8435, 0.0025, 2.3736, 0.0078 
0.0603, 0.8444, 0.0016, 2.3760, 0.0052 
0.0603, 0.8429, 0.0016, 2.3720, 0.0052 
0.0603, 0.8433, 0.0016, 2.3732, 0.0052 
0.0603, 0.8456, 0.0015, 2.3795, 0.0051 
0.0605, 0.8419, 0.0012, 2.3691, 0.0049 
0.0605, 0.8432, 0.0012, 2.3727, 0.0049 
0.0622, 0.8402, 0.0012, 2.3649, 0.0050 
0.0622, 0.8400, 0.0012, 2.3644, 0.0050 
0.0622, 0.8389, 0.0014, 2.3613, 0.0048 
0.0622, 0.8380, 0.0026, 2.3586, 0.0082 
0.0622, 0.8382, 0.0015, 2.3591, 0.0050 
0.0622, 0.8395, 0.0013, 2.3630, 0.0045 
0.0622, 0.8431, 0.0023, 2.3730, 0.0074 
0.0625, 0.8390, 0.0010, 2.3616, 0.0045 
0.0625, 0.8392, 0.0009, 2.3621, 0.0041 
0.0625, 0.8426, 0.0009, 2.3716, 0.0042 
0.0634, 0.8360, 0.0009, 2.3535, 0.0040 
0.0634, 0.8351, 0.0009, 2.3510, 0.0040 
0.0634, 0.8363, 0.0009, 2.3544, 0.0040 
0.0634, 0.8350, 0.0009, 2.3507, 0.0040 
0.0639, 0.8345, 0.0011, 2.3492, 0.0047 
0.0639, 0.8346, 0.0011, 2.3496, 0.0047 
0.0640, 0.8343, 0.0027, 2.3489, 0.0084 
0.0640, 0.8304, 0.0015, 2.3379, 0.0048 
0.0640, 0.8337, 0.0017, 2.3473, 0.0054 
0.0640, 0.8358, 0.0025, 2.3532, 0.0077 
0.0640, 0.8339, 0.0019, 2.3477, 0.0059 
0.0640, 0.8354, 0.0014, 2.3519, 0.0046 
0.0648, 0.8350, 0.0007, 2.3510, 0.0037 
0.0648, 0.8348, 0.0008, 2.3505, 0.0038 
0.0655, 0.8317, 0.0011, 2.3418, 0.0046 
0.0655, 0.8315, 0.0011, 2.3413, 0.0046 
0.0658, 0.8324, 0.0015, 2.3440, 0.0048 
0.0658, 0.8306, 0.0027, 2.3390, 0.0081 
0.0658, 0.8318, 0.0017, 2.3424, 0.0053 
0.0658, 0.8299, 0.0018, 2.3368, 0.0056 
0.0658, 0.8316, 0.0018, 2.3418, 0.0056 
0.0658, 0.8279, 0.0029, 2.3315, 0.0086 
0.0670, 0.8279, 0.0024, 2.3316, 0.0082 
0.0670, 0.8299, 0.0023, 2.3373, 0.0080 
0.0670, 0.8264, 0.0023, 2.3273, 0.0079 
0.0670, 0.8283, 0.0024, 2.3328, 0.0082 
0.0672, 0.8278, 0.0007, 2.3314, 0.0037 
0.0673, 0.8285, 0.0010, 2.3335, 0.0044 
0.0676, 0.8247, 0.0018, 2.3229, 0.0057 
0.0676, 0.8253, 0.0016, 2.3246, 0.0051 
0.0676, 0.8272, 0.0030, 2.3299, 0.0090 
0.0688, 0.8232, 0.0010, 2.3190, 0.0042 
0.0688, 0.8230, 0.0009, 2.3184, 0.0041 
0.0688, 0.8222, 0.0010, 2.3160, 0.0042 
0.0688, 0.8225, 0.0010, 2.3169, 0.0042 
0.0690, 0.8253, 0.0011, 2.3250, 0.0046 
0.0690, 0.8254, 0.0011, 2.3251, 0.0046 
0.0693, 0.8224, 0.0020, 2.3168, 0.0059 
0.0693, 0.8224, 0.0017, 2.3168, 0.0053 
0.0695, 0.8235, 0.0007, 2.3200, 0.0037 
0.0707, 0.8220, 0.0011, 2.3161, 0.0046 
0.0707, 0.8148, 0.0018, 2.2959, 0.0066 
0.0707, 0.8193, 0.0018, 2.3085, 0.0067 
0.0707, 0.8181, 0.0018, 2.3051, 0.0067 
0.0707, 0.8190, 0.0018, 2.3076, 0.0067 
0.0707, 0.8183, 0.0018, 2.3057, 0.0067 
0.0707, 0.8188, 0.0018, 2.3070, 0.0067 
0.0707, 0.8195, 0.0018, 2.3092, 0.0068 
0.0707, 0.8203, 0.0018, 2.3114, 0.0068 
0.0707, 0.8211, 0.0018, 2.3137, 0.0068 
0.0707, 0.8168, 0.0018, 2.3016, 0.0067 
0.0707, 0.8205, 0.0011, 2.3118, 0.0046 
0.0710, 0.8186, 0.0018, 2.3068, 0.0055 
0.0710, 0.8175, 0.0021, 2.3036, 0.0061 
0.0710, 0.8165, 0.0033, 2.3007, 0.0096 
0.0711, 0.8186, 0.0015, 2.3068, 0.0058 
0.0718, 0.8177, 0.0007, 2.3044, 0.0037 
0.0725, 0.8127, 0.0012, 2.2905, 0.0051 
0.0725, 0.8137, 0.0012, 2.2933, 0.0051 
0.0726, 0.8159, 0.0035, 2.2996, 0.0100 
0.0726, 0.8148, 0.0022, 2.2963, 0.0064 
0.0740, 0.8106, 0.0037, 2.2848, 0.0105 
0.0740, 0.8126, 0.0023, 2.2906, 0.0067 
0.0740, 0.8132, 0.0021, 2.2924, 0.0060 
0.0742, 0.8112, 0.0014, 2.2868, 0.0056 
0.0742, 0.8104, 0.0009, 2.2845, 0.0039 
0.0742, 0.8109, 0.0010, 2.2859, 0.0042 
0.0742, 0.8111, 0.0009, 2.2864, 0.0039 
0.0742, 0.8118, 0.0010, 2.2883, 0.0042 
0.0743, 0.8092, 0.0012, 2.2812, 0.0050 
0.0743, 0.8097, 0.0012, 2.2826, 0.0050 
0.0743, 0.8119, 0.0007, 2.2887, 0.0038 
0.0756, 0.8079, 0.0040, 2.2779, 0.0112 
0.0758, 0.8111, 0.0021, 2.2869, 0.0075 
0.0758, 0.8115, 0.0021, 2.2880, 0.0075 
0.0758, 0.8104, 0.0021, 2.2850, 0.0075 
0.0758, 0.8100, 0.0026, 2.2838, 0.0090 
0.0761, 0.8081, 0.0011, 2.2786, 0.0047 
0.0761, 0.8082, 0.0011, 2.2787, 0.0047 
0.0768, 0.8054, 0.0007, 2.2711, 0.0038 
0.0771, 0.8059, 0.0027, 2.2725, 0.0074 
0.0771, 0.8061, 0.0041, 2.2730, 0.0116 
0.0771, 0.8063, 0.0022, 2.2737, 0.0061 
0.0773, 0.8030, 0.0014, 2.2645, 0.0056 
0.0773, 0.8029, 0.0012, 2.2642, 0.0052 
0.0778, 0.8044, 0.0010, 2.2685, 0.0045 
0.0778, 0.8030, 0.0010, 2.2647, 0.0045 
0.0785, 0.8046, 0.0026, 2.2694, 0.0070 
0.0785, 0.8057, 0.0034, 2.2723, 0.0092 
0.0793, 0.8017, 0.0008, 2.2613, 0.0039 
0.0796, 0.7998, 0.0008, 2.2562, 0.0039 
0.0797, 0.7977, 0.0012, 2.2503, 0.0047 
0.0797, 0.7996, 0.0010, 2.2557, 0.0043 
0.0797, 0.7993, 0.0010, 2.2548, 0.0042 
0.0798, 0.8016, 0.0025, 2.2612, 0.0068 
0.0798, 0.8003, 0.0025, 2.2576, 0.0068 
0.0805, 0.7984, 0.0011, 2.2525, 0.0049 
0.0811, 0.7982, 0.0030, 2.2521, 0.0080 
0.0811, 0.7984, 0.0028, 2.2526, 0.0073 
0.0811, 0.7998, 0.0052, 2.2565, 0.0143 
0.0815, 0.7960, 0.0008, 2.2460, 0.0038 
0.0818, 0.7971, 0.0008, 2.2491, 0.0039 
0.0822, 0.7938, 0.0041, 2.2399, 0.0108 
0.0822, 0.7938, 0.0030, 2.2400, 0.0078 
0.0831, 0.7943, 0.0014, 2.2416, 0.0056 
0.0831, 0.7926, 0.0014, 2.2367, 0.0056 
0.0831, 0.7945, 0.0011, 2.2420, 0.0050 
0.0832, 0.7921, 0.0009, 2.2354, 0.0043 
0.0832, 0.7909, 0.0022, 2.2320, 0.0080 
0.0832, 0.7937, 0.0009, 2.2398, 0.0043 
0.0834, 0.7906, 0.0033, 2.2313, 0.0084 
0.0834, 0.7930, 0.0033, 2.2381, 0.0085 
0.0837, 0.7905, 0.0012, 2.2309, 0.0052 
0.0837, 0.7907, 0.0011, 2.2317, 0.0049 
0.0837, 0.7930, 0.0025, 2.2381, 0.0087 
0.0842, 0.7914, 0.0008, 2.2337, 0.0039 
0.0849, 0.7946, 0.0018, 2.2428, 0.0069 
0.0849, 0.7923, 0.0014, 2.2363, 0.0055 
0.0849, 0.7943, 0.0018, 2.2421, 0.0069 
0.0849, 0.7916, 0.0018, 2.2344, 0.0068 
0.0849, 0.7943, 0.0014, 2.2422, 0.0055 
0.0849, 0.7943, 0.0018, 2.2421, 0.0069 
0.0851, 0.7887, 0.0009, 2.2262, 0.0043 
0.0851, 0.7892, 0.0009, 2.2277, 0.0043 
0.0851, 0.7889, 0.0009, 2.2269, 0.0043 
0.0851, 0.7896, 0.0009, 2.2289, 0.0043 
0.0852, 0.7892, 0.0011, 2.2277, 0.0045 
0.0852, 0.7880, 0.0011, 2.2243, 0.0044 
0.0852, 0.7871, 0.0011, 2.2220, 0.0045 
0.0852, 0.7871, 0.0010, 2.2218, 0.0044 
0.0867, 0.7791, 0.0021, 2.1996, 0.0078 
0.0868, 0.7846, 0.0007, 2.2153, 0.0039 
0.0870, 0.7862, 0.0009, 2.2197, 0.0043 
0.0870, 0.7864, 0.0009, 2.2202, 0.0043 
0.0870, 0.7861, 0.0014, 2.2196, 0.0057 
0.0888, 0.7816, 0.0009, 2.2073, 0.0044 
0.0888, 0.7818, 0.0009, 2.2078, 0.0043 
0.0894, 0.7803, 0.0008, 2.2037, 0.0040 
0.0903, 0.7792, 0.0011, 2.2009, 0.0049 
0.0903, 0.7787, 0.0011, 2.1996, 0.0049 
0.0906, 0.7784, 0.0009, 2.1987, 0.0044 
0.0906, 0.7773, 0.0009, 2.1958, 0.0043 
0.0908, 0.7775, 0.0011, 2.1963, 0.0045 
0.0908, 0.7772, 0.0021, 2.1954, 0.0078 
0.0908, 0.7757, 0.0011, 2.1912, 0.0045 
0.0920, 0.7732, 0.0008, 2.1844, 0.0041 
0.0920, 0.7749, 0.0008, 2.1894, 0.0041 
0.0925, 0.7749, 0.0009, 2.1895, 0.0044 
0.0925, 0.7745, 0.0009, 2.1882, 0.0044 
0.0936, 0.7707, 0.0010, 2.1780, 0.0047 
0.0943, 0.7739, 0.0016, 2.1872, 0.0061 
0.0943, 0.7725, 0.0015, 2.1832, 0.0060 
0.0943, 0.7729, 0.0016, 2.1842, 0.0063 
0.0943, 0.7737, 0.0012, 2.1864, 0.0052 
0.0943, 0.7718, 0.0019, 2.1811, 0.0070 
0.0943, 0.7733, 0.0019, 2.1853, 0.0072 
0.0943, 0.7736, 0.0015, 2.1864, 0.0061 
0.0943, 0.7755, 0.0017, 2.1916, 0.0067 
0.0943, 0.7733, 0.0017, 2.1855, 0.0066 
0.0943, 0.7729, 0.0019, 2.1843, 0.0071 
0.0943, 0.7725, 0.0015, 2.1833, 0.0061 
0.0943, 0.7742, 0.0020, 2.1879, 0.0074 
0.0943, 0.7731, 0.0017, 2.1849, 0.0066 
0.0943, 0.7725, 0.0020, 2.1831, 0.0075 
0.0944, 0.7714, 0.0009, 2.1801, 0.0042 
0.0944, 0.7709, 0.0009, 2.1788, 0.0042 
0.0946, 0.7686, 0.0008, 2.1723, 0.0041 
0.0949, 0.7688, 0.0020, 2.1729, 0.0077 
0.0963, 0.7666, 0.0009, 2.1669, 0.0044 
0.0963, 0.7673, 0.0009, 2.1691, 0.0044 
0.0963, 0.7661, 0.0012, 2.1656, 0.0049 
0.0964, 0.7666, 0.0015, 2.1670, 0.0060 
0.0964, 0.7691, 0.0015, 2.1740, 0.0060 
0.0964, 0.7684, 0.0015, 2.1722, 0.0060 
0.0964, 0.7662, 0.0015, 2.1659, 0.0060 
0.0964, 0.7710, 0.0015, 2.1795, 0.0061 
0.0964, 0.7696, 0.0015, 2.1755, 0.0060 
0.0964, 0.7672, 0.0015, 2.1687, 0.0060 
0.0964, 0.7701, 0.0015, 2.1768, 0.0060 
0.0964, 0.7677, 0.0009, 2.1702, 0.0043 
0.0964, 0.7678, 0.0010, 2.1704, 0.0048 
0.0970, 0.7667, 0.0010, 2.1675, 0.0048 
0.0974, 0.7655, 0.0008, 2.1641, 0.0042 
0.0982, 0.7627, 0.0009, 2.1566, 0.0044 
0.0982, 0.7624, 0.0009, 2.1557, 0.0044 
0.0990, 0.7623, 0.0021, 2.1555, 0.0079 
0.1000, 0.7600, 0.0008, 2.1495, 0.0042 
0.1001, 0.7588, 0.0009, 2.1461, 0.0044 
0.1001, 0.7601, 0.0010, 2.1496, 0.0044 
0.1005, 0.7591, 0.0010, 2.1469, 0.0048 
0.1018, 0.7566, 0.0012, 2.1402, 0.0048 
0.1021, 0.7552, 0.0010, 2.1363, 0.0044 
0.1021, 0.7560, 0.0010, 2.1385, 0.0044 
0.1027, 0.7540, 0.0007, 2.1331, 0.0040 
0.1033, 0.7485, 0.0020, 2.1176, 0.0077 
0.1033, 0.7496, 0.0020, 2.1209, 0.0077 
0.1039, 0.7537, 0.0014, 2.1325, 0.0056 
0.1039, 0.7528, 0.0010, 2.1301, 0.0048 
0.1039, 0.7524, 0.0010, 2.1289, 0.0044 
0.1039, 0.7534, 0.0010, 2.1319, 0.0045 
0.1039, 0.7538, 0.0017, 2.1330, 0.0064 
0.1039, 0.7541, 0.0016, 2.1338, 0.0062 
0.1039, 0.7518, 0.0016, 2.1272, 0.0064 
0.1039, 0.7524, 0.0016, 2.1288, 0.0062 
0.1054, 0.7495, 0.0008, 2.1210, 0.0040 
0.1059, 0.7498, 0.0009, 2.1221, 0.0043 
0.1059, 0.7487, 0.0009, 2.1190, 0.0043 
0.1073, 0.7448, 0.0013, 2.1084, 0.0051 
0.1073, 0.7451, 0.0013, 2.1090, 0.0051 
0.1074, 0.7433, 0.0010, 2.1040, 0.0048 
0.1076, 0.7401, 0.0020, 2.0950, 0.0076 
0.1078, 0.7455, 0.0009, 2.1105, 0.0043 
0.1078, 0.7453, 0.0009, 2.1100, 0.0043 
0.1082, 0.7439, 0.0008, 2.1060, 0.0041 
0.1097, 0.7411, 0.0009, 2.0985, 0.0043 
0.1097, 0.7419, 0.0009, 2.1008, 0.0043 
0.1100, 0.7416, 0.0012, 2.0999, 0.0053 
0.1100, 0.7398, 0.0012, 2.0950, 0.0052 
0.1100, 0.7438, 0.0012, 2.1061, 0.0053 
0.1109, 0.7383, 0.0008, 2.0909, 0.0042 
0.1110, 0.7373, 0.0007, 2.0880, 0.0040 
0.1110, 0.7384, 0.0008, 2.0912, 0.0042 
0.1110, 0.7389, 0.0007, 2.0927, 0.0039 
0.1110, 0.7390, 0.0008, 2.0929, 0.0042 
0.1110, 0.7364, 0.0008, 2.0855, 0.0042 
0.1110, 0.7391, 0.0008, 2.0931, 0.0042 
0.1110, 0.7393, 0.0008, 2.0936, 0.0042 
0.1110, 0.7397, 0.0008, 2.0950, 0.0042 
0.1110, 0.7380, 0.0008, 2.0899, 0.0042 
0.1110, 0.7387, 0.0008, 2.0919, 0.0041 
0.1110, 0.7394, 0.0008, 2.0940, 0.0041 
0.1110, 0.7372, 0.0013, 2.0878, 0.0056 
0.1110, 0.7375, 0.0008, 2.0887, 0.0042 
0.1110, 0.7365, 0.0010, 2.0858, 0.0048 
0.1117, 0.7378, 0.0009, 2.0895, 0.0043 
0.1117, 0.7372, 0.0009, 2.0880, 0.0043 
0.1120, 0.7348, 0.0020, 2.0813, 0.0076 
0.1128, 0.7371, 0.0012, 2.0880, 0.0047 
0.1128, 0.7375, 0.0013, 2.0892, 0.0048 
0.1128, 0.7370, 0.0013, 2.0878, 0.0049 
0.1128, 0.7371, 0.0013, 2.0880, 0.0048 
0.1128, 0.7367, 0.0012, 2.0868, 0.0046 
0.1128, 0.7353, 0.0014, 2.0830, 0.0050 
0.1128, 0.7337, 0.0014, 2.0784, 0.0050 
0.1137, 0.7331, 0.0009, 2.0769, 0.0043 
0.1137, 0.7329, 0.0009, 2.0763, 0.0043 
0.1137, 0.7341, 0.0015, 2.0796, 0.0058 
0.1137, 0.7358, 0.0015, 2.0845, 0.0059 
0.1137, 0.7328, 0.0015, 2.0761, 0.0058 
0.1137, 0.7357, 0.0012, 2.0842, 0.0051 
0.1137, 0.7359, 0.0015, 2.0849, 0.0059 
0.1137, 0.7330, 0.0006, 2.0767, 0.0035 
0.1146, 0.7321, 0.0009, 2.0742, 0.0046 
0.1156, 0.7303, 0.0010, 2.0695, 0.0047 
0.1156, 0.7291, 0.0010, 2.0660, 0.0046 
0.1161, 0.7288, 0.0010, 2.0653, 0.0040 
0.1163, 0.7252, 0.0019, 2.0552, 0.0075 
0.1175, 0.7254, 0.0010, 2.0562, 0.0047 
0.1175, 0.7249, 0.0010, 2.0548, 0.0046 
0.1181, 0.7257, 0.0010, 2.0571, 0.0040 
0.1181, 0.7261, 0.0010, 2.0581, 0.0040 
0.1182, 0.7248, 0.0014, 2.0547, 0.0051 
0.1182, 0.7251, 0.0014, 2.0553, 0.0052 
0.1182, 0.7240, 0.0016, 2.0521, 0.0065 
0.1182, 0.7255, 0.0009, 2.0564, 0.0046 
0.1194, 0.7220, 0.0006, 2.0470, 0.0035 
0.1209, 0.7158, 0.0019, 2.0296, 0.0074 
0.1209, 0.7152, 0.0019, 2.0281, 0.0074 
0.1219, 0.7199, 0.0009, 2.0417, 0.0046 
0.1235, 0.7165, 0.0013, 2.0324, 0.0046 
0.1235, 0.7170, 0.0013, 2.0338, 0.0045 
0.1236, 0.7172, 0.0011, 2.0343, 0.0049 
0.1236, 0.7141, 0.0014, 2.0256, 0.0055 
0.1236, 0.7164, 0.0014, 2.0322, 0.0055 
0.1241, 0.7169, 0.0010, 2.0336, 0.0048 
0.1241, 0.7161, 0.0010, 2.0313, 0.0047 
0.1251, 0.7134, 0.0006, 2.0240, 0.0035 
0.1255, 0.7098, 0.0019, 2.0140, 0.0074 
0.1255, 0.7119, 0.0010, 2.0197, 0.0047 
0.1287, 0.7056, 0.0012, 2.0027, 0.0042 
0.1287, 0.7065, 0.0012, 2.0054, 0.0042 
0.1288, 0.7069, 0.0014, 2.0066, 0.0049 
0.1288, 0.7050, 0.0014, 2.0012, 0.0048 
0.1288, 0.7068, 0.0014, 2.0061, 0.0049 
0.1294, 0.7045, 0.0010, 1.9998, 0.0049 
0.1294, 0.7056, 0.0010, 2.0030, 0.0047 
0.1300, 0.7029, 0.0019, 1.9954, 0.0074 
0.1308, 0.7028, 0.0006, 1.9954, 0.0035 
0.1331, 0.6982, 0.0011, 1.9828, 0.0050 
0.1331, 0.7005, 0.0017, 1.9893, 0.0067 
0.1336, 0.6964, 0.0014, 1.9779, 0.0055 
0.1336, 0.6989, 0.0014, 1.9850, 0.0055 
0.1336, 0.6974, 0.0012, 1.9806, 0.0049 
0.1340, 0.6969, 0.0015, 1.9794, 0.0049 
0.1340, 0.6961, 0.0015, 1.9770, 0.0049 
0.1340, 0.6964, 0.0015, 1.9779, 0.0049 
0.1340, 0.6975, 0.0015, 1.9811, 0.0050 
0.1340, 0.6949, 0.0012, 1.9736, 0.0042 
0.1340, 0.6951, 0.0012, 1.9742, 0.0043 
0.1348, 0.6965, 0.0019, 1.9785, 0.0073 
0.1367, 0.6925, 0.0006, 1.9675, 0.0035 
0.1369, 0.6930, 0.0009, 1.9689, 0.0045 
0.1387, 0.6919, 0.0009, 1.9664, 0.0045 
0.1387, 0.6907, 0.0009, 1.9631, 0.0045 
0.1391, 0.6890, 0.0015, 1.9584, 0.0049 
0.1391, 0.6884, 0.0015, 1.9566, 0.0049 
0.1391, 0.6869, 0.0013, 1.9524, 0.0042 
0.1391, 0.6872, 0.0013, 1.9531, 0.0042 
0.1391, 0.6880, 0.0015, 1.9554, 0.0049 
0.1395, 0.6861, 0.0018, 1.9500, 0.0072 
0.1395, 0.6875, 0.0018, 1.9540, 0.0072 
0.1408, 0.6859, 0.0009, 1.9499, 0.0045 
0.1425, 0.6836, 0.0006, 1.9438, 0.0035 
0.1435, 0.6819, 0.0012, 1.9392, 0.0049 
0.1435, 0.6812, 0.0013, 1.9371, 0.0052 
0.1435, 0.6804, 0.0013, 1.9348, 0.0052 
0.1435, 0.6809, 0.0011, 1.9362, 0.0047 
0.1441, 0.6769, 0.0018, 1.9251, 0.0070 
0.1441, 0.6806, 0.0016, 1.9356, 0.0049 
0.1441, 0.6805, 0.0016, 1.9353, 0.0049 
0.1441, 0.6778, 0.0013, 1.9277, 0.0042 
0.1441, 0.6788, 0.0013, 1.9306, 0.0042 
0.1446, 0.6803, 0.0009, 1.9348, 0.0046 
0.1484, 0.6724, 0.0006, 1.9133, 0.0036 
0.1484, 0.6734, 0.0015, 1.9161, 0.0061 
0.1485, 0.6732, 0.0010, 1.9157, 0.0049 
0.1490, 0.6695, 0.0018, 1.9052, 0.0070 
0.1490, 0.6705, 0.0014, 1.9080, 0.0043 
0.1490, 0.6721, 0.0014, 1.9126, 0.0043 
0.1490, 0.6693, 0.0017, 1.9047, 0.0052 
0.1490, 0.6711, 0.0018, 1.9097, 0.0054 
0.1490, 0.6714, 0.0018, 1.9105, 0.0054 
0.1490, 0.6712, 0.0016, 1.9100, 0.0047 
0.1490, 0.6714, 0.0018, 1.9106, 0.0055 
0.1490, 0.6719, 0.0018, 1.9120, 0.0054 
0.1490, 0.6730, 0.0018, 1.9151, 0.0054 
0.1490, 0.6699, 0.0016, 1.9064, 0.0047 
0.1490, 0.6699, 0.0016, 1.9064, 0.0047 
0.1490, 0.6719, 0.0019, 1.9121, 0.0056 
0.1490, 0.6713, 0.0016, 1.9105, 0.0047 
0.1490, 0.6714, 0.0017, 1.9107, 0.0052 
0.1490, 0.6716, 0.0016, 1.9113, 0.0048 
0.1491, 0.6709, 0.0016, 1.9092, 0.0047 
0.1513, 0.6681, 0.0007, 1.9018, 0.0038 
0.1524, 0.6667, 0.0011, 1.8982, 0.0049 
0.1535, 0.6662, 0.0009, 1.8970, 0.0042 
0.1537, 0.6641, 0.0015, 1.8910, 0.0055 
0.1537, 0.6649, 0.0013, 1.8932, 0.0051 
0.1538, 0.6645, 0.0018, 1.8921, 0.0071 
0.1538, 0.6614, 0.0014, 1.8833, 0.0042 
0.1543, 0.6636, 0.0007, 1.8897, 0.0038 
0.1564, 0.6611, 0.0012, 1.8832, 0.0052 
0.1564, 0.6608, 0.0011, 1.8821, 0.0050 
0.1564, 0.6609, 0.0011, 1.8825, 0.0050 
0.1564, 0.6611, 0.0011, 1.8831, 0.0052 
0.1564, 0.6615, 0.0011, 1.8842, 0.0050 
0.1564, 0.6622, 0.0011, 1.8862, 0.0050 
0.1564, 0.6622, 0.0011, 1.8862, 0.0051 
0.1564, 0.6600, 0.0010, 1.8800, 0.0048 
0.1564, 0.6604, 0.0010, 1.8810, 0.0048 
0.1564, 0.6608, 0.0012, 1.8822, 0.0053 
0.1564, 0.6612, 0.0013, 1.8835, 0.0055 
0.1564, 0.6613, 0.0011, 1.8837, 0.0050 
0.1564, 0.6617, 0.0012, 1.8849, 0.0052 
0.1564, 0.6620, 0.0012, 1.8855, 0.0053 
0.1564, 0.6609, 0.0012, 1.8825, 0.0053 
0.1564, 0.6612, 0.0013, 1.8834, 0.0056 
0.1564, 0.6612, 0.0010, 1.8835, 0.0048 
0.1564, 0.6597, 0.0011, 1.8792, 0.0050 
0.1564, 0.6598, 0.0011, 1.8794, 0.0050 
0.1573, 0.6590, 0.0007, 1.8773, 0.0037 
0.1585, 0.6553, 0.0015, 1.8670, 0.0043 
0.1588, 0.6564, 0.0017, 1.8704, 0.0069 
0.1588, 0.6557, 0.0017, 1.8683, 0.0069 
0.1603, 0.6542, 0.0007, 1.8645, 0.0037 
0.1604, 0.6553, 0.0010, 1.8675, 0.0047 
0.1631, 0.6471, 0.0016, 1.8447, 0.0043 
0.1631, 0.6476, 0.0016, 1.8462, 0.0043 
0.1633, 0.6499, 0.0007, 1.8527, 0.0037 
0.1636, 0.6481, 0.0013, 1.8476, 0.0049 
0.1636, 0.6478, 0.0013, 1.8468, 0.0049 
0.1637, 0.6476, 0.0025, 1.8462, 0.0092 
0.1643, 0.6490, 0.0010, 1.8505, 0.0047 
0.1663, 0.6447, 0.0007, 1.8387, 0.0038 
0.1675, 0.6428, 0.0017, 1.8335, 0.0044 
0.1683, 0.6413, 0.0010, 1.8294, 0.0046 
0.1687, 0.6411, 0.0017, 1.8291, 0.0068 
0.1688, 0.6426, 0.0009, 1.8333, 0.0041 
0.1693, 0.6389, 0.0007, 1.8229, 0.0037 
0.1719, 0.6344, 0.0018, 1.8105, 0.0045 
0.1719, 0.6340, 0.0018, 1.8094, 0.0045 
0.1723, 0.6339, 0.0009, 1.8092, 0.0043 
0.1723, 0.6362, 0.0008, 1.8157, 0.0038 
0.1737, 0.6325, 0.0015, 1.8054, 0.0055 
0.1737, 0.6330, 0.0014, 1.8069, 0.0050 
0.1739, 0.6356, 0.0017, 1.8146, 0.0068 
0.1754, 0.6314, 0.0008, 1.8029, 0.0038 
0.1761, 0.6289, 0.0018, 1.7958, 0.0042 
0.1761, 0.6286, 0.0017, 1.7949, 0.0042 
0.1761, 0.6294, 0.0017, 1.7974, 0.0042 
0.1764, 0.6306, 0.0009, 1.8006, 0.0043 
0.1785, 0.6268, 0.0008, 1.7905, 0.0038 
0.1789, 0.6276, 0.0017, 1.7929, 0.0068 
0.1789, 0.6276, 0.0017, 1.7927, 0.0067 
0.1802, 0.6223, 0.0020, 1.7779, 0.0048 
0.1802, 0.6224, 0.0020, 1.7783, 0.0048 
0.1805, 0.6252, 0.0009, 1.7862, 0.0043 
0.1815, 0.6209, 0.0008, 1.7741, 0.0038 
0.1835, 0.6177, 0.0014, 1.7655, 0.0049 
0.1835, 0.6183, 0.0014, 1.7671, 0.0049 
0.1835, 0.6182, 0.0011, 1.7670, 0.0047 
0.1835, 0.6177, 0.0011, 1.7657, 0.0048 
0.1835, 0.6202, 0.0011, 1.7726, 0.0049 
0.1840, 0.6221, 0.0017, 1.7783, 0.0068 
0.1840, 0.6186, 0.0009, 1.7682, 0.0040 
0.1841, 0.6157, 0.0020, 1.7601, 0.0045 
0.1841, 0.6168, 0.0020, 1.7630, 0.0045 
0.1846, 0.6201, 0.0010, 1.7727, 0.0046 
0.1880, 0.6107, 0.0021, 1.7464, 0.0047 
0.1880, 0.6101, 0.0021, 1.7449, 0.0046 
0.1888, 0.6134, 0.0010, 1.7544, 0.0046 
0.1893, 0.6120, 0.0017, 1.7507, 0.0066 
0.1916, 0.6065, 0.0023, 1.7352, 0.0049 
0.1916, 0.6054, 0.0023, 1.7322, 0.0048 
0.1928, 0.6080, 0.0010, 1.7399, 0.0046 
0.1934, 0.6041, 0.0013, 1.7289, 0.0044 
0.1943, 0.6049, 0.0017, 1.7314, 0.0066 
0.1949, 0.6005, 0.0024, 1.7188, 0.0051 
0.1949, 0.6005, 0.0024, 1.7188, 0.0051 
0.1970, 0.6005, 0.0010, 1.7192, 0.0046 
0.1984, 0.5965, 0.0026, 1.7080, 0.0053 
0.1984, 0.5972, 0.0026, 1.7101, 0.0054 
0.1992, 0.5986, 0.0009, 1.7145, 0.0040 
0.1997, 0.5963, 0.0017, 1.7079, 0.0065 
0.1997, 0.5966, 0.0010, 1.7089, 0.0046 
0.2011, 0.5936, 0.0010, 1.7004, 0.0046 
0.2011, 0.5944, 0.0009, 1.7027, 0.0043 
0.2011, 0.5948, 0.0009, 1.7038, 0.0042 
0.2017, 0.5916, 0.0027, 1.6949, 0.0057 
0.2017, 0.5916, 0.0027, 1.6949, 0.0057 
0.2030, 0.5912, 0.0014, 1.6939, 0.0045 
0.2030, 0.5899, 0.0014, 1.6903, 0.0044 
0.2044, 0.5894, 0.0010, 1.6892, 0.0045 
0.2045, 0.5879, 0.0010, 1.6848, 0.0043 
0.2045, 0.5879, 0.0010, 1.6850, 0.0044 
0.2048, 0.5883, 0.0029, 1.6861, 0.0061 
0.2048, 0.5895, 0.0030, 1.6897, 0.0061 
0.2051, 0.5905, 0.0010, 1.6925, 0.0046 
0.2052, 0.5885, 0.0013, 1.6869, 0.0052 
0.2052, 0.5886, 0.0010, 1.6871, 0.0043 
0.2053, 0.5887, 0.0010, 1.6875, 0.0043 
0.2053, 0.5881, 0.0012, 1.6856, 0.0051 
0.2053, 0.5838, 0.0019, 1.6734, 0.0071 
0.2053, 0.5877, 0.0016, 1.6845, 0.0061 
0.2053, 0.5889, 0.0013, 1.6878, 0.0052 
0.2094, 0.5844, 0.0010, 1.6759, 0.0043 
0.2095, 0.5823, 0.0011, 1.6698, 0.0046 
0.2095, 0.5824, 0.0016, 1.6701, 0.0061 
0.2095, 0.5830, 0.0015, 1.6720, 0.0057 
0.2095, 0.5841, 0.0013, 1.6750, 0.0053 
0.2103, 0.5820, 0.0010, 1.6692, 0.0045 
0.2105, 0.5802, 0.0033, 1.6642, 0.0068 
0.2105, 0.5805, 0.0033, 1.6649, 0.0068 
0.2127, 0.5796, 0.0016, 1.6630, 0.0048 
0.2127, 0.5778, 0.0014, 1.6577, 0.0045 
0.2127, 0.5782, 0.0015, 1.6587, 0.0045 
0.2127, 0.5795, 0.0015, 1.6625, 0.0047 
0.2131, 0.5761, 0.0034, 1.6528, 0.0070 
0.2131, 0.5761, 0.0035, 1.6528, 0.0071 
0.2137, 0.5792, 0.0010, 1.6619, 0.0042 
0.2137, 0.5784, 0.0010, 1.6596, 0.0042 
0.2148, 0.5763, 0.0010, 1.6537, 0.0039 
0.2156, 0.5756, 0.0010, 1.6520, 0.0045 
0.2178, 0.5727, 0.0010, 1.6443, 0.0042 
0.2178, 0.5724, 0.0010, 1.6431, 0.0042 
0.2179, 0.5670, 0.0021, 1.6277, 0.0073 
0.2179, 0.5710, 0.0013, 1.6394, 0.0051 
0.2179, 0.5728, 0.0013, 1.6445, 0.0053 
0.2179, 0.5728, 0.0011, 1.6445, 0.0046 
0.2210, 0.5709, 0.0010, 1.6396, 0.0045 
0.2219, 0.5667, 0.0015, 1.6278, 0.0043 
0.2219, 0.5651, 0.0014, 1.6231, 0.0041 
0.2219, 0.5658, 0.0015, 1.6252, 0.0043 
0.2219, 0.5664, 0.0014, 1.6268, 0.0041 
0.2220, 0.5660, 0.0016, 1.6259, 0.0048 
0.2220, 0.5661, 0.0015, 1.6261, 0.0043 
0.2222, 0.5656, 0.0011, 1.6246, 0.0046 
0.2222, 0.5674, 0.0010, 1.6298, 0.0042 
0.2222, 0.5673, 0.0011, 1.6296, 0.0046 
0.2258, 0.5617, 0.0010, 1.6143, 0.0042 
0.2258, 0.5633, 0.0016, 1.6189, 0.0059 
0.2258, 0.5615, 0.0015, 1.6136, 0.0056 
0.2258, 0.5619, 0.0010, 1.6146, 0.0042 
0.2258, 0.5627, 0.0011, 1.6171, 0.0046 
0.2264, 0.5595, 0.0011, 1.6079, 0.0044 
0.2264, 0.5623, 0.0010, 1.6161, 0.0045 
0.2264, 0.5604, 0.0011, 1.6106, 0.0044 
0.2264, 0.5594, 0.0012, 1.6077, 0.0047 
0.2264, 0.5588, 0.0025, 1.6061, 0.0086 
0.2264, 0.5575, 0.0020, 1.6024, 0.0071 
0.2264, 0.5624, 0.0010, 1.6163, 0.0042 
0.2264, 0.5633, 0.0011, 1.6191, 0.0044 
0.2301, 0.5570, 0.0010, 1.6016, 0.0038 
0.2307, 0.5576, 0.0010, 1.6034, 0.0042 
0.2307, 0.5574, 0.0011, 1.6028, 0.0044 
0.2307, 0.5580, 0.0012, 1.6047, 0.0048 
0.2313, 0.5536, 0.0014, 1.5920, 0.0040 
0.2313, 0.5547, 0.0016, 1.5953, 0.0043 
0.2313, 0.5542, 0.0014, 1.5937, 0.0040 
0.2313, 0.5550, 0.0016, 1.5960, 0.0043 
0.2318, 0.5563, 0.0011, 1.5998, 0.0045 
0.2348, 0.5515, 0.0010, 1.5867, 0.0042 
0.2348, 0.5504, 0.0010, 1.5834, 0.0041 
0.2349, 0.5519, 0.0014, 1.5877, 0.0052 
0.2349, 0.5494, 0.0012, 1.5806, 0.0047 
0.2349, 0.5505, 0.0011, 1.5837, 0.0044 
0.2372, 0.5478, 0.0012, 1.5767, 0.0049 
0.2390, 0.5458, 0.0010, 1.5713, 0.0041 
0.2390, 0.5458, 0.0012, 1.5710, 0.0045 
0.2390, 0.5468, 0.0011, 1.5740, 0.0044 
0.2403, 0.5426, 0.0015, 1.5623, 0.0039 
0.2403, 0.5442, 0.0015, 1.5668, 0.0039 
0.2403, 0.5442, 0.0016, 1.5668, 0.0044 
0.2403, 0.5429, 0.0016, 1.5630, 0.0043 
0.2427, 0.5418, 0.0011, 1.5605, 0.0045 
0.2433, 0.5402, 0.0010, 1.5558, 0.0040 
0.2433, 0.5401, 0.0010, 1.5557, 0.0040 
0.2435, 0.5389, 0.0011, 1.5521, 0.0043 
0.2456, 0.5384, 0.0011, 1.5512, 0.0038 
0.2470, 0.5371, 0.0011, 1.5478, 0.0041 
0.2477, 0.5364, 0.0010, 1.5459, 0.0040 
0.2481, 0.5328, 0.0018, 1.5356, 0.0066 
0.2492, 0.5345, 0.0018, 1.5406, 0.0047 
0.2493, 0.5334, 0.0016, 1.5376, 0.0039 
0.2493, 0.5319, 0.0014, 1.5332, 0.0034 
0.2520, 0.5316, 0.0010, 1.5329, 0.0040 
0.2520, 0.5306, 0.0010, 1.5301, 0.0040 
0.2536, 0.5307, 0.0010, 1.5306, 0.0042 
0.2578, 0.5234, 0.0016, 1.5103, 0.0039 
0.2578, 0.5238, 0.0018, 1.5115, 0.0042 
0.2578, 0.5234, 0.0014, 1.5104, 0.0034 
0.2592, 0.5249, 0.0010, 1.5148, 0.0042 
0.2608, 0.5217, 0.0011, 1.5060, 0.0037 
0.2647, 0.5189, 0.0011, 1.4986, 0.0044 
0.2663, 0.5138, 0.0017, 1.4841, 0.0040 
0.2663, 0.5153, 0.0017, 1.4885, 0.0040 
0.2663, 0.5139, 0.0016, 1.4845, 0.0037 
0.2663, 0.5125, 0.0016, 1.4805, 0.0037 
0.2663, 0.5131, 0.0027, 1.4821, 0.0066 
0.2686, 0.5138, 0.0011, 1.4846, 0.0040 
0.2702, 0.5120, 0.0011, 1.4798, 0.0042 
0.2744, 0.5055, 0.0018, 1.4619, 0.0039 
0.2744, 0.5057, 0.0018, 1.4623, 0.0038 
0.2744, 0.5064, 0.0017, 1.4644, 0.0036 
0.2744, 0.5056, 0.0017, 1.4621, 0.0036 
0.2745, 0.5046, 0.0016, 1.4592, 0.0034 
0.2745, 0.5038, 0.0016, 1.4570, 0.0034 
0.2758, 0.5064, 0.0011, 1.4648, 0.0043 
0.2759, 0.5049, 0.0012, 1.4604, 0.0036 
0.2814, 0.4995, 0.0012, 1.4459, 0.0043 
0.2825, 0.4969, 0.0018, 1.4385, 0.0036 
0.2900, 0.4916, 0.0011, 1.4245, 0.0038 
0.2901, 0.4895, 0.0018, 1.4185, 0.0035 
0.2901, 0.4898, 0.0018, 1.4193, 0.0035 
0.2905, 0.4891, 0.0013, 1.4172, 0.0035 
0.2977, 0.4818, 0.0019, 1.3975, 0.0035 
0.2977, 0.4814, 0.0019, 1.3962, 0.0035 
0.3038, 0.4776, 0.0012, 1.3864, 0.0042 
0.3049, 0.4763, 0.0020, 1.3827, 0.0035 
0.3049, 0.4753, 0.0020, 1.3799, 0.0035 
0.3054, 0.4747, 0.0013, 1.3782, 0.0034 
0.3069, 0.4723, 0.0013, 1.3715, 0.0044 
0.3069, 0.4756, 0.0013, 1.3810, 0.0044 
0.3069, 0.4734, 0.0013, 1.3748, 0.0044 
0.3069, 0.4755, 0.0013, 1.3809, 0.0044 
0.3069, 0.4761, 0.0013, 1.3826, 0.0044 
0.3094, 0.4722, 0.0012, 1.3717, 0.0042 
0.3094, 0.4738, 0.0012, 1.3763, 0.0042 
0.3119, 0.4694, 0.0020, 1.3641, 0.0034 
0.3119, 0.4679, 0.0020, 1.3597, 0.0034 
0.3120, 0.4699, 0.0012, 1.3655, 0.0037 
0.3150, 0.4671, 0.0013, 1.3580, 0.0042 
0.3150, 0.4676, 0.0013, 1.3593, 0.0042 
0.3187, 0.4636, 0.0021, 1.3484, 0.0036 
0.3187, 0.4633, 0.0021, 1.3474, 0.0036 
0.3195, 0.4614, 0.0014, 1.3422, 0.0033 
0.3207, 0.4627, 0.0013, 1.3460, 0.0042 
0.3207, 0.4637, 0.0013, 1.3490, 0.0042 
0.3253, 0.4564, 0.0023, 1.3285, 0.0039 
0.3253, 0.4567, 0.0022, 1.3293, 0.0036 
0.3263, 0.4549, 0.0012, 1.3243, 0.0040 
0.3263, 0.4557, 0.0012, 1.3267, 0.0040 
0.3315, 0.4511, 0.0023, 1.3141, 0.0036 
0.3315, 0.4508, 0.0023, 1.3132, 0.0036 
0.3320, 0.4519, 0.0013, 1.3165, 0.0041 
0.3332, 0.4508, 0.0013, 1.3135, 0.0036 
0.3338, 0.4490, 0.0013, 1.3083, 0.0028 
0.3338, 0.4490, 0.0014, 1.3084, 0.0032 
0.3340, 0.4491, 0.0016, 1.3087, 0.0037 
0.3340, 0.4491, 0.0014, 1.3088, 0.0030 
0.3354, 0.4480, 0.0013, 1.3057, 0.0042 
0.3354, 0.4469, 0.0013, 1.3026, 0.0042 
0.3354, 0.4472, 0.0013, 1.3035, 0.0042 
0.3354, 0.4462, 0.0013, 1.3006, 0.0042 
0.3354, 0.4474, 0.0013, 1.3041, 0.0042 
0.3375, 0.4457, 0.0013, 1.2995, 0.0039 
0.3376, 0.4454, 0.0024, 1.2985, 0.0037 
0.3376, 0.4452, 0.0024, 1.2980, 0.0037 
0.3432, 0.4416, 0.0013, 1.2884, 0.0039 
0.3433, 0.4420, 0.0025, 1.2898, 0.0038 
0.3433, 0.4413, 0.0025, 1.2877, 0.0038 
0.3473, 0.4360, 0.0015, 1.2729, 0.0031 
0.3486, 0.4370, 0.0025, 1.2760, 0.0037 
0.3486, 0.4367, 0.0025, 1.2749, 0.0037 
0.3489, 0.4364, 0.0013, 1.2743, 0.0039 
0.3539, 0.4336, 0.0026, 1.2668, 0.0038 
0.3539, 0.4321, 0.0026, 1.2626, 0.0038 
0.3543, 0.4318, 0.0013, 1.2616, 0.0034 
0.3544, 0.4328, 0.0013, 1.2645, 0.0038 
0.3591, 0.4284, 0.0027, 1.2524, 0.0040 
0.3592, 0.4275, 0.0027, 1.2500, 0.0039 
0.3600, 0.4264, 0.0013, 1.2468, 0.0038 
0.3609, 0.4255, 0.0016, 1.2444, 0.0030 
0.3610, 0.4261, 0.0015, 1.2461, 0.0028 
0.3636, 0.4252, 0.0028, 1.2439, 0.0042 
0.3636, 0.4251, 0.0028, 1.2435, 0.0041 
0.3638, 0.4239, 0.0014, 1.2402, 0.0040 
0.3638, 0.4249, 0.0014, 1.2430, 0.0040 
0.3639, 0.4246, 0.0014, 1.2423, 0.0040 
0.3639, 0.4243, 0.0014, 1.2413, 0.0040 
0.3639, 0.4226, 0.0014, 1.2365, 0.0040 
0.3657, 0.4235, 0.0013, 1.2393, 0.0038 
0.3684, 0.4198, 0.0029, 1.2288, 0.0044 
0.3684, 0.4201, 0.0029, 1.2296, 0.0044 
0.3712, 0.4176, 0.0014, 1.2230, 0.0039 
0.3712, 0.4179, 0.0014, 1.2236, 0.0039 
0.3727, 0.4163, 0.0033, 1.2193, 0.0053 
0.3727, 0.4181, 0.0033, 1.2247, 0.0054 
0.3738, 0.4149, 0.0016, 1.2154, 0.0030 
0.3738, 0.4146, 0.0015, 1.2146, 0.0027 
0.3749, 0.4141, 0.0014, 1.2132, 0.0033 
0.3766, 0.4131, 0.0035, 1.2106, 0.0057 
0.3767, 0.4130, 0.0035, 1.2103, 0.0057 
0.3768, 0.4134, 0.0014, 1.2116, 0.0038 
0.3768, 0.4130, 0.0014, 1.2104, 0.0039 
0.3825, 0.4084, 0.0014, 1.1977, 0.0038 
0.3825, 0.4098, 0.0014, 1.2019, 0.0039 
0.3866, 0.4055, 0.0016, 1.1899, 0.0026 
0.3870, 0.4044, 0.0016, 1.1868, 0.0026 
0.3880, 0.4036, 0.0016, 1.1846, 0.0043 
0.3880, 0.4048, 0.0014, 1.1879, 0.0037 
0.3916, 0.4016, 0.0014, 1.1791, 0.0038 
0.3916, 0.4028, 0.0014, 1.1827, 0.0038 
0.3916, 0.4030, 0.0014, 1.1834, 0.0038 
0.3917, 0.4022, 0.0014, 1.1809, 0.0038 
0.3917, 0.4017, 0.0014, 1.1795, 0.0038 
0.3936, 0.4005, 0.0015, 1.1763, 0.0038 
0.3936, 0.4014, 0.0015, 1.1790, 0.0038 
0.3954, 0.4002, 0.0014, 1.1758, 0.0031 
0.3987, 0.3955, 0.0016, 1.1625, 0.0025 
0.3991, 0.3968, 0.0018, 1.1661, 0.0048 
0.3991, 0.3984, 0.0015, 1.1711, 0.0038 
0.4047, 0.3932, 0.0015, 1.1566, 0.0038 
0.4047, 0.3931, 0.0015, 1.1562, 0.0038 
0.4102, 0.3905, 0.0016, 1.1493, 0.0040 
0.4108, 0.3875, 0.0017, 1.1406, 0.0024 
0.4154, 0.3854, 0.0017, 1.1350, 0.0036 
0.4154, 0.3853, 0.0015, 1.1347, 0.0030 
0.4157, 0.3853, 0.0015, 1.1348, 0.0037 
0.4158, 0.3850, 0.0016, 1.1342, 0.0039 
0.4201, 0.3824, 0.0015, 1.1270, 0.0036 
0.4201, 0.3822, 0.0017, 1.1264, 0.0041 
0.4201, 0.3826, 0.0015, 1.1275, 0.0036 
0.4201, 0.3836, 0.0015, 1.1306, 0.0036 
0.4201, 0.3808, 0.0015, 1.1222, 0.0036 
0.4212, 0.3802, 0.0015, 1.1206, 0.0037 
0.4212, 0.3820, 0.0015, 1.1259, 0.0037 
0.4222, 0.3802, 0.0017, 1.1207, 0.0023 
0.4269, 0.3743, 0.0020, 1.1040, 0.0050 
0.4269, 0.3770, 0.0015, 1.1122, 0.0037 
0.4322, 0.3743, 0.0016, 1.1048, 0.0036 
0.4322, 0.3738, 0.0016, 1.1033, 0.0036 
0.4322, 0.3737, 0.0016, 1.1030, 0.0036 
0.4323, 0.3721, 0.0027, 1.0983, 0.0071 
0.4338, 0.3721, 0.0018, 1.0985, 0.0023 
0.4351, 0.3730, 0.0015, 1.1014, 0.0028 
0.4378, 0.3688, 0.0017, 1.0896, 0.0041 
0.4378, 0.3690, 0.0017, 1.0899, 0.0040 
0.4471, 0.3643, 0.0015, 1.0774, 0.0034 
0.4471, 0.3647, 0.0015, 1.0787, 0.0034 
0.4471, 0.3637, 0.0015, 1.0759, 0.0034 
0.4471, 0.3649, 0.0015, 1.0794, 0.0034 
0.4471, 0.3638, 0.0015, 1.0761, 0.0034 
0.4540, 0.3598, 0.0016, 1.0653, 0.0027 
0.4549, 0.3587, 0.0019, 1.0621, 0.0022 
0.4729, 0.3490, 0.0016, 1.0357, 0.0025 
0.4729, 0.3489, 0.0016, 1.0356, 0.0024 
0.4729, 0.3485, 0.0017, 1.0344, 0.0026 
0.4729, 0.3486, 0.0016, 1.0345, 0.0026 
0.4745, 0.3466, 0.0020, 1.0288, 0.0021 
0.4748, 0.3467, 0.0014, 1.0291, 0.0028 
0.4908, 0.3381, 0.0016, 1.0058, 0.0023 
0.4908, 0.3386, 0.0020, 1.0072, 0.0033 
0.4908, 0.3376, 0.0017, 1.0045, 0.0026 
0.4927, 0.3360, 0.0021, 0.9997, 0.0020 
0.4927, 0.3364, 0.0034, 1.0010, 0.0058 
0.5009, 0.3317, 0.0022, 0.9881, 0.0023 
0.5011, 0.3317, 0.0015, 0.9882, 0.0026 
0.5083, 0.3279, 0.0017, 0.9777, 0.0022 
0.5085, 0.3278, 0.0017, 0.9774, 0.0023 
0.5089, 0.3270, 0.0023, 0.9750, 0.0023 
0.5170, 0.3235, 0.0023, 0.9658, 0.0023 
0.5241, 0.3189, 0.0024, 0.9529, 0.0023 
0.5253, 0.3181, 0.0017, 0.9506, 0.0021 
0.5254, 0.3183, 0.0018, 0.9513, 0.0022 
0.5274, 0.3179, 0.0016, 0.9503, 0.0025 
0.5312, 0.3158, 0.0024, 0.9445, 0.0024 
0.5382, 0.3112, 0.0025, 0.9317, 0.0025 
0.5419, 0.3102, 0.0018, 0.9291, 0.0021 
0.5420, 0.3112, 0.0018, 0.9320, 0.0020 
0.5442, 0.3089, 0.0026, 0.9254, 0.0026 
0.5504, 0.3063, 0.0027, 0.9186, 0.0027 
0.5524, 0.3057, 0.0016, 0.9169, 0.0023 
0.5561, 0.3041, 0.0028, 0.9125, 0.0030 
0.5578, 0.3018, 0.0019, 0.9060, 0.0021 
0.5579, 0.3020, 0.0018, 0.9066, 0.0018 
0.5613, 0.3009, 0.0029, 0.9037, 0.0031 
0.5665, 0.2978, 0.0030, 0.8949, 0.0034 
0.5732, 0.2950, 0.0019, 0.8874, 0.0021 
0.5732, 0.2945, 0.0018, 0.8858, 0.0017 
0.5775, 0.2944, 0.0017, 0.8861, 0.0022 
0.5878, 0.2874, 0.0019, 0.8663, 0.0019 
0.5879, 0.2882, 0.0019, 0.8686, 0.0017 
0.5879, 0.2868, 0.0026, 0.8644, 0.0038 
0.6011, 0.2819, 0.0017, 0.8511, 0.0021 
0.6022, 0.2825, 0.0031, 0.8529, 0.0052 
0.6022, 0.2818, 0.0019, 0.8508, 0.0017 
0.6022, 0.2819, 0.0020, 0.8513, 0.0018 
0.6157, 0.2752, 0.0020, 0.8325, 0.0016 
0.6157, 0.2750, 0.0020, 0.8318, 0.0018 
0.6249, 0.2722, 0.0017, 0.8245, 0.0020 
0.6288, 0.2705, 0.0021, 0.8197, 0.0019 
0.6288, 0.2706, 0.0021, 0.8200, 0.0019 
0.6290, 0.2710, 0.0020, 0.8213, 0.0016 
0.6414, 0.2644, 0.0021, 0.8028, 0.0019 
0.6414, 0.2644, 0.0022, 0.8025, 0.0020 
0.6415, 0.2640, 0.0020, 0.8014, 0.0015 
0.6468, 0.2631, 0.0018, 0.7993, 0.0019 
0.6536, 0.2608, 0.0022, 0.7931, 0.0019 
0.6536, 0.2605, 0.0022, 0.7922, 0.0019 
0.6536, 0.2598, 0.0021, 0.7901, 0.0015 
0.6536, 0.2600, 0.0020, 0.7907, 0.0013 
0.6536, 0.2597, 0.0020, 0.7896, 0.0013 
0.6651, 0.2557, 0.0022, 0.7786, 0.0017 
0.6651, 0.2552, 0.0022, 0.7773, 0.0017 
0.6651, 0.2557, 0.0023, 0.7787, 0.0021 
0.6652, 0.2555, 0.0022, 0.7782, 0.0017 
0.6652, 0.2554, 0.0021, 0.7777, 0.0013 
0.6652, 0.2558, 0.0025, 0.7791, 0.0027 
0.6652, 0.2555, 0.0024, 0.7780, 0.0022 
0.6652, 0.2560, 0.0022, 0.7797, 0.0018 
0.6652, 0.2551, 0.0021, 0.7768, 0.0013 
0.6653, 0.2555, 0.0022, 0.7782, 0.0017 
0.6690, 0.2543, 0.0018, 0.7747, 0.0017 
0.6761, 0.2510, 0.0022, 0.7656, 0.0017 
0.6761, 0.2514, 0.0022, 0.7667, 0.0017 
0.6763, 0.2518, 0.0023, 0.7681, 0.0018 
0.6763, 0.2513, 0.0023, 0.7666, 0.0020 
0.6763, 0.2521, 0.0024, 0.7689, 0.0022 
0.6763, 0.2515, 0.0022, 0.7670, 0.0015 
0.6764, 0.2518, 0.0021, 0.7681, 0.0013 
0.6764, 0.2516, 0.0021, 0.7673, 0.0013 
0.6867, 0.2478, 0.0021, 0.7570, 0.0012 
0.6867, 0.2473, 0.0021, 0.7553, 0.0012 
0.6895, 0.2450, 0.0020, 0.7487, 0.0020 
0.6969, 0.2450, 0.0024, 0.7492, 0.0019 
0.6969, 0.2450, 0.0024, 0.7494, 0.0019 
0.6969, 0.2439, 0.0022, 0.7461, 0.0015 
0.6969, 0.2438, 0.0028, 0.7457, 0.0032 
0.6970, 0.2437, 0.0021, 0.7455, 0.0012 
0.6970, 0.2435, 0.0021, 0.7449, 0.0012 
0.7064, 0.2407, 0.0023, 0.7372, 0.0015 
0.7064, 0.2406, 0.0022, 0.7370, 0.0014 
0.7064, 0.2411, 0.0022, 0.7384, 0.0012 
0.7101, 0.2394, 0.0019, 0.7336, 0.0015 
0.7151, 0.2363, 0.0024, 0.7246, 0.0017 
0.7151, 0.2395, 0.0030, 0.7344, 0.0036 
0.7151, 0.2372, 0.0023, 0.7274, 0.0014 
0.7151, 0.2381, 0.0023, 0.7300, 0.0015 
0.7152, 0.2377, 0.0022, 0.7290, 0.0013 
0.7152, 0.2375, 0.0022, 0.7284, 0.0012 
0.7239, 0.2357, 0.0023, 0.7236, 0.0012 
0.7239, 0.2346, 0.0024, 0.7201, 0.0016 
0.7239, 0.2356, 0.0023, 0.7233, 0.0014 
0.7290, 0.2332, 0.0019, 0.7164, 0.0014 
0.7295, 0.2327, 0.0019, 0.7149, 0.0014 
0.7300, 0.2318, 0.0019, 0.7123, 0.0014 
0.7324, 0.2320, 0.0023, 0.7131, 0.0013 
0.7325, 0.2324, 0.0023, 0.7142, 0.0013 
0.7325, 0.2323, 0.0024, 0.7140, 0.0016 
0.7325, 0.2324, 0.0025, 0.7142, 0.0019 
0.7325, 0.2321, 0.0026, 0.7133, 0.0022 
0.7402, 0.2299, 0.0024, 0.7073, 0.0015 
0.7402, 0.2297, 0.0023, 0.7068, 0.0013 
0.7402, 0.2305, 0.0024, 0.7091, 0.0016 
0.7474, 0.2273, 0.0023, 0.6999, 0.0013 
0.7474, 0.2273, 0.0023, 0.7000, 0.0013 
0.7474, 0.2270, 0.0024, 0.6991, 0.0016 
0.7482, 0.2269, 0.0019, 0.6990, 0.0014 
0.7486, 0.2263, 0.0019, 0.6970, 0.0014 
0.7546, 0.2259, 0.0024, 0.6966, 0.0013 
0.7603, 0.2237, 0.0024, 0.6901, 0.0014 
0.7603, 0.2228, 0.0024, 0.6875, 0.0014 
0.7656, 0.2205, 0.0019, 0.6809, 0.0013 
0.7661, 0.2204, 0.0020, 0.6804, 0.0013 
0.7836, 0.2154, 0.0020, 0.6667, 0.0012 
0.7996, 0.2107, 0.0020, 0.6537, 0.0012 
0.8157, 0.2064, 0.0020, 0.6417, 0.0011 
0.8303, 0.2026, 0.0021, 0.6313, 0.0011 
0.8449, 0.1980, 0.0021, 0.6181, 0.0011 
0.8586, 0.1957, 0.0021, 0.6122, 0.0011 
0.8586, 0.1944, 0.0021, 0.6081, 0.0011 
0.8718, 0.1925, 0.0022, 0.6032, 0.0011 
0.8718, 0.1917, 0.0022, 0.6007, 0.0011 
0.8838, 0.1897, 0.0022, 0.5954, 0.0011 
0.8838, 0.1893, 0.0022, 0.5941, 0.0011 
0.8960, 0.1860, 0.0023, 0.5848, 0.0014 
0.9070, 0.1831, 0.0022, 0.5766, 0.0011 
0.9070, 0.1839, 0.0022, 0.5792, 0.0011 
0.9174, 0.1813, 0.0023, 0.5717, 0.0011 
0.9274, 0.1786, 0.0023, 0.5639, 0.0011 
0.9275, 0.1787, 0.0023, 0.5645, 0.0011 
0.9374, 0.1775, 0.0024, 0.5614, 0.0014 
0.9459, 0.1743, 0.0024, 0.5519, 0.0013 
0.9460, 0.1756, 0.0024, 0.5560, 0.0012 
0.9547, 0.1728, 0.0024, 0.5479, 0.0013 
0.9547, 0.1734, 0.0024, 0.5496, 0.0013 
0.9627, 0.1716, 0.0024, 0.5447, 0.0013 
0.9700, 0.1702, 0.0025, 0.5406, 0.0014 
0.9700, 0.1696, 0.0025, 0.5389, 0.0014 
0.9700, 0.1700, 0.0025, 0.5401, 0.0014 
0.9772, 0.1693, 0.0028, 0.5386, 0.0023 
0.9772, 0.1691, 0.0027, 0.5377, 0.0021 
