q2,     ge,     ge-err, gm,     gm-err 				q2,     ge,     ge-err, gm,     gm-err 
0.0038, 0.9892, 0.0019, 2.7641, 0.0055 			      |	0.0038, 0.9873, 0.0019, 2.7586, 0.0054 
0.0040, 0.9878, 0.0017, 2.7601, 0.0049 			      |	0.0040, 0.9858, 0.0017, 2.7546, 0.0049 
0.0042, 0.9875, 0.0023, 2.7594, 0.0067 			      |	0.0042, 0.9856, 0.0023, 2.7540, 0.0066 
0.0044, 0.9879, 0.0019, 2.7606, 0.0056 			      |	0.0044, 0.9860, 0.0019, 2.7552, 0.0056 
0.0046, 0.9858, 0.0017, 2.7549, 0.0050 			      |	0.0046, 0.9839, 0.0017, 2.7494, 0.0049 
0.0048, 0.9840, 0.0018, 2.7499, 0.0053 			      |	0.0048, 0.9821, 0.0018, 2.7444, 0.0053 
0.0050, 0.9867, 0.0017, 2.7574, 0.0048 			      |	0.0050, 0.9847, 0.0016, 2.7520, 0.0048 
0.0053, 0.9863, 0.0016, 2.7565, 0.0048 			      |	0.0053, 0.9844, 0.0016, 2.7510, 0.0047 
0.0055, 0.9842, 0.0018, 2.7505, 0.0053 			      |	0.0055, 0.9822, 0.0018, 2.7451, 0.0053 
0.0057, 0.9839, 0.0016, 2.7499, 0.0048 			      |	0.0057, 0.9820, 0.0016, 2.7445, 0.0047 
0.0059, 0.9846, 0.0016, 2.7517, 0.0048 			      |	0.0059, 0.9826, 0.0016, 2.7463, 0.0048 
0.0062, 0.9813, 0.0016, 2.7426, 0.0048 			      |	0.0062, 0.9793, 0.0016, 2.7372, 0.0047 
0.0064, 0.9805, 0.0016, 2.7407, 0.0047 			      |	0.0064, 0.9786, 0.0016, 2.7352, 0.0046 
0.0066, 0.9815, 0.0015, 2.7436, 0.0045 			      |	0.0066, 0.9796, 0.0015, 2.7381, 0.0045 
0.0069, 0.9783, 0.0017, 2.7346, 0.0050 			      |	0.0069, 0.9764, 0.0017, 2.7292, 0.0050 
0.0071, 0.9789, 0.0017, 2.7364, 0.0051 			      |	0.0071, 0.9770, 0.0017, 2.7310, 0.0051 
0.0074, 0.9790, 0.0016, 2.7367, 0.0048 			      |	0.0074, 0.9770, 0.0016, 2.7313, 0.0047 
0.0077, 0.9768, 0.0016, 2.7306, 0.0047 			      |	0.0077, 0.9748, 0.0016, 2.7252, 0.0047 
0.0079, 0.9765, 0.0016, 2.7299, 0.0047 			      |	0.0079, 0.9746, 0.0016, 2.7245, 0.0047 
0.0082, 0.9762, 0.0017, 2.7292, 0.0050 			      |	0.0082, 0.9743, 0.0017, 2.7238, 0.0050 
0.0084, 0.9743, 0.0016, 2.7240, 0.0047 			      |	0.0084, 0.9724, 0.0016, 2.7187, 0.0047 
0.0087, 0.9741, 0.0016, 2.7233, 0.0047 			      |	0.0087, 0.9721, 0.0016, 2.7180, 0.0047 
0.0090, 0.9738, 0.0016, 2.7228, 0.0047 			      |	0.0090, 0.9719, 0.0016, 2.7175, 0.0047 
0.0093, 0.9710, 0.0017, 2.7150, 0.0050 			      |	0.0093, 0.9691, 0.0017, 2.7097, 0.0049 
0.0095, 0.9714, 0.0015, 2.7161, 0.0046 			      |	0.0095, 0.9694, 0.0015, 2.7107, 0.0045 
0.0098, 0.9728, 0.0016, 2.7201, 0.0050 			      |	0.0098, 0.9708, 0.0016, 2.7147, 0.0049 
0.0101, 0.9701, 0.0015, 2.7128, 0.0047 			      |	0.0101, 0.9682, 0.0015, 2.7074, 0.0047 
0.0101, 0.9742, 0.0016, 2.7243, 0.0048 			      |	0.0101, 0.9706, 0.0016, 2.7143, 0.0047 
0.0104, 0.9699, 0.0016, 2.7122, 0.0049 			      |	0.0104, 0.9679, 0.0016, 2.7068, 0.0048 
0.0107, 0.9695, 0.0016, 2.7113, 0.0048 			      |	0.0107, 0.9676, 0.0016, 2.7060, 0.0048 
0.0110, 0.9678, 0.0015, 2.7067, 0.0046 			      |	0.0110, 0.9659, 0.0015, 2.7013, 0.0046 
0.0111, 0.9667, 0.0017, 2.7037, 0.0053 			      |	0.0111, 0.9628, 0.0017, 2.6927, 0.0052 
0.0113, 0.9679, 0.0015, 2.7071, 0.0045 			      |	0.0113, 0.9648, 0.0015, 2.6983, 0.0045 
0.0113, 0.9681, 0.0015, 2.7076, 0.0047 			      |	0.0113, 0.9662, 0.0015, 2.7022, 0.0047 
0.0116, 0.9665, 0.0016, 2.7032, 0.0048 			      |	0.0116, 0.9646, 0.0016, 2.6978, 0.0047 
0.0116, 0.9662, 0.0015, 2.7024, 0.0045 			      |	0.0116, 0.9623, 0.0015, 2.6915, 0.0045 
0.0119, 0.9656, 0.0015, 2.7009, 0.0047 			      |	0.0119, 0.9637, 0.0015, 2.6956, 0.0047 
0.0122, 0.9659, 0.0015, 2.7018, 0.0046 			      |	0.0122, 0.9620, 0.0015, 2.6908, 0.0045 
0.0122, 0.9630, 0.0015, 2.6936, 0.0047 			      |	0.0122, 0.9611, 0.0015, 2.6883, 0.0047 
0.0125, 0.9644, 0.0015, 2.6975, 0.0048 			      |	0.0125, 0.9625, 0.0015, 2.6922, 0.0047 
0.0128, 0.9635, 0.0015, 2.6952, 0.0046 			      |	0.0128, 0.9596, 0.0015, 2.6843, 0.0045 
0.0128, 0.9651, 0.0015, 2.6997, 0.0047 			      |	0.0128, 0.9619, 0.0015, 2.6908, 0.0047 
0.0129, 0.9641, 0.0018, 2.6969, 0.0055 			      |	0.0129, 0.9622, 0.0016, 2.6915, 0.0050 
0.0129, 0.9657, 0.0016, 2.7014, 0.0050 			      |	0.0129, 0.9622, 0.0018, 2.6915, 0.0055 
0.0132, 0.9637, 0.0017, 2.6960, 0.0051 			      |	0.0132, 0.9602, 0.0017, 2.6861, 0.0051 
0.0134, 0.9629, 0.0014, 2.6937, 0.0045 			      |	0.0134, 0.9590, 0.0014, 2.6828, 0.0045 
0.0135, 0.9620, 0.0016, 2.6911, 0.0050 			      |	0.0135, 0.9584, 0.0016, 2.6812, 0.0050 
0.0138, 0.9610, 0.0016, 2.6886, 0.0049 			      |	0.0138, 0.9575, 0.0016, 2.6787, 0.0049 
0.0140, 0.9596, 0.0015, 2.6847, 0.0046 			      |	0.0140, 0.9557, 0.0014, 2.6739, 0.0045 
0.0142, 0.9615, 0.0016, 2.6901, 0.0049 			      |	0.0142, 0.9580, 0.0016, 2.6802, 0.0049 
0.0145, 0.9600, 0.0015, 2.6859, 0.0048 			      |	0.0145, 0.9568, 0.0015, 2.6771, 0.0048 
0.0146, 0.9588, 0.0014, 2.6826, 0.0045 			      |	0.0146, 0.9549, 0.0014, 2.6717, 0.0044 
0.0148, 0.9600, 0.0016, 2.6861, 0.0049 			      |	0.0148, 0.9565, 0.0016, 2.6762, 0.0049 
0.0152, 0.9539, 0.0017, 2.6691, 0.0052 			      |	0.0152, 0.9495, 0.0016, 2.6569, 0.0051 
0.0153, 0.9584, 0.0015, 2.6819, 0.0046 			      |	0.0153, 0.9546, 0.0014, 2.6710, 0.0046 
0.0155, 0.9569, 0.0015, 2.6776, 0.0048 			      |	0.0155, 0.9534, 0.0015, 2.6677, 0.0047 
0.0159, 0.9555, 0.0014, 2.6740, 0.0045 			      |	0.0159, 0.9517, 0.0014, 2.6632, 0.0044 
0.0162, 0.9506, 0.0016, 2.6603, 0.0051 			      |	0.0162, 0.9463, 0.0016, 2.6482, 0.0051 
0.0162, 0.9542, 0.0015, 2.6705, 0.0048 			      |	0.0162, 0.9507, 0.0015, 2.6606, 0.0047 
0.0162, 0.9550, 0.0015, 2.6726, 0.0048 			      |	0.0162, 0.9519, 0.0015, 2.6638, 0.0048 
0.0165, 0.9511, 0.0015, 2.6618, 0.0047 			      |	0.0165, 0.9476, 0.0015, 2.6521, 0.0047 
0.0166, 0.9537, 0.0014, 2.6689, 0.0045 			      |	0.0166, 0.9498, 0.0014, 2.6581, 0.0044 
0.0169, 0.9518, 0.0015, 2.6640, 0.0047 			      |	0.0169, 0.9484, 0.0015, 2.6542, 0.0047 
0.0172, 0.9496, 0.0016, 2.6578, 0.0050 			      |	0.0172, 0.9453, 0.0015, 2.6456, 0.0049 
0.0172, 0.9516, 0.0015, 2.6633, 0.0048 			      |	0.0172, 0.9481, 0.0015, 2.6535, 0.0047 
0.0173, 0.9496, 0.0014, 2.6579, 0.0044 			      |	0.0173, 0.9458, 0.0014, 2.6472, 0.0044 
0.0176, 0.9498, 0.0015, 2.6584, 0.0048 			      |	0.0176, 0.9463, 0.0015, 2.6486, 0.0047 
0.0180, 0.9487, 0.0015, 2.6556, 0.0048 			      |	0.0180, 0.9452, 0.0015, 2.6458, 0.0047 
0.0180, 0.9485, 0.0014, 2.6550, 0.0045 			      |	0.0180, 0.9447, 0.0014, 2.6443, 0.0045 
0.0180, 0.9488, 0.0016, 2.6558, 0.0051 			      |	0.0180, 0.9457, 0.0016, 2.6472, 0.0050 
0.0182, 0.9493, 0.0017, 2.6574, 0.0055 			      |	0.0182, 0.9450, 0.0017, 2.6452, 0.0054 
0.0183, 0.9471, 0.0015, 2.6512, 0.0047 			      |	0.0183, 0.9436, 0.0015, 2.6415, 0.0047 
0.0186, 0.9474, 0.0014, 2.6521, 0.0045 			      |	0.0186, 0.9436, 0.0014, 2.6414, 0.0044 
0.0187, 0.9452, 0.0016, 2.6459, 0.0051 			      |	0.0187, 0.9417, 0.0016, 2.6361, 0.0050 
0.0190, 0.9441, 0.0022, 2.6431, 0.0067 			      |	0.0190, 0.9407, 0.0021, 2.6334, 0.0066 
0.0190, 0.9477, 0.0015, 2.6530, 0.0049 			      |	0.0190, 0.9452, 0.0015, 2.6461, 0.0048 
0.0192, 0.9427, 0.0018, 2.6390, 0.0056 			      |	0.0192, 0.9383, 0.0018, 2.6269, 0.0056 
0.0193, 0.9467, 0.0014, 2.6503, 0.0046 			      |	0.0193, 0.9428, 0.0014, 2.6395, 0.0046 
0.0194, 0.9455, 0.0015, 2.6471, 0.0048 			      |	0.0194, 0.9430, 0.0015, 2.6402, 0.0047 
0.0198, 0.9429, 0.0015, 2.6398, 0.0047 			      |	0.0198, 0.9404, 0.0014, 2.6329, 0.0047 
0.0198, 0.9434, 0.0015, 2.6412, 0.0049 			      |	0.0198, 0.9403, 0.0015, 2.6326, 0.0049 
0.0201, 0.9439, 0.0014, 2.6427, 0.0046 			      |	0.0201, 0.9401, 0.0014, 2.6321, 0.0046 
0.0201, 0.9405, 0.0015, 2.6334, 0.0049 			      |	0.0201, 0.9381, 0.0015, 2.6266, 0.0048 
0.0202, 0.9407, 0.0015, 2.6338, 0.0049 			      |	0.0202, 0.9363, 0.0015, 2.6217, 0.0048 
0.0205, 0.9399, 0.0014, 2.6317, 0.0047 			      |	0.0205, 0.9375, 0.0014, 2.6249, 0.0047 
0.0208, 0.9426, 0.0015, 2.6395, 0.0049 			      |	0.0208, 0.9388, 0.0015, 2.6288, 0.0049 
0.0209, 0.9385, 0.0014, 2.6280, 0.0047 			      |	0.0209, 0.9361, 0.0014, 2.6211, 0.0047 
0.0213, 0.9368, 0.0015, 2.6233, 0.0048 			      |	0.0213, 0.9344, 0.0015, 2.6165, 0.0048 
0.0213, 0.9382, 0.0016, 2.6272, 0.0053 			      |	0.0213, 0.9339, 0.0016, 2.6151, 0.0052 
0.0215, 0.9403, 0.0015, 2.6332, 0.0049 			      |	0.0215, 0.9365, 0.0015, 2.6225, 0.0048 
0.0217, 0.9379, 0.0015, 2.6266, 0.0048 			      |	0.0217, 0.9349, 0.0014, 2.6180, 0.0047 
0.0223, 0.9393, 0.0014, 2.6305, 0.0047 			      |	0.0223, 0.9355, 0.0014, 2.6199, 0.0046 
0.0224, 0.9355, 0.0016, 2.6200, 0.0051 			      |	0.0224, 0.9312, 0.0015, 2.6080, 0.0050 
0.0230, 0.9358, 0.0014, 2.6210, 0.0046 			      |	0.0230, 0.9320, 0.0014, 2.6104, 0.0046 
0.0236, 0.9331, 0.0017, 2.6137, 0.0057 			      |	0.0236, 0.9288, 0.0017, 2.6017, 0.0056 
0.0236, 0.9327, 0.0015, 2.6127, 0.0049 			      |	0.0236, 0.9297, 0.0015, 2.6041, 0.0048 
0.0238, 0.9362, 0.0014, 2.6225, 0.0047 			      |	0.0238, 0.9324, 0.0014, 2.6119, 0.0046 
0.0246, 0.9333, 0.0014, 2.6146, 0.0047 			      |	0.0246, 0.9295, 0.0014, 2.6040, 0.0046 
0.0247, 0.9295, 0.0017, 2.6041, 0.0055 			      |	0.0247, 0.9253, 0.0017, 2.5921, 0.0055 
0.0254, 0.9267, 0.0013, 2.5964, 0.0045 			      |	0.0254, 0.9230, 0.0013, 2.5859, 0.0045 
0.0255, 0.9317, 0.0032, 2.6104, 0.0097 			      |	0.0255, 0.9276, 0.0031, 2.5989, 0.0096 
0.0256, 0.9257, 0.0014, 2.5935, 0.0048 			      |	0.0256, 0.9226, 0.0014, 2.5850, 0.0048 
0.0259, 0.9278, 0.0016, 2.5997, 0.0054 			      |	0.0259, 0.9236, 0.0016, 2.5878, 0.0053 
0.0262, 0.9261, 0.0013, 2.5948, 0.0045 			      |	0.0262, 0.9223, 0.0013, 2.5843, 0.0045 
0.0270, 0.9233, 0.0013, 2.5874, 0.0046 			      |	0.0270, 0.9196, 0.0013, 2.5770, 0.0045 
0.0271, 0.9220, 0.0014, 2.5838, 0.0049 			      |	0.0271, 0.9178, 0.0014, 2.5720, 0.0048 
0.0272, 0.9204, 0.0025, 2.5792, 0.0080 			      |	0.0272, 0.9163, 0.0025, 2.5679, 0.0079 
0.0276, 0.9207, 0.0014, 2.5804, 0.0048 			      |	0.0276, 0.9177, 0.0014, 2.5719, 0.0047 
0.0278, 0.9216, 0.0013, 2.5830, 0.0047 			      |	0.0278, 0.9179, 0.0013, 2.5725, 0.0046 
0.0283, 0.9196, 0.0016, 2.5774, 0.0055 			      |	0.0283, 0.9154, 0.0016, 2.5656, 0.0054 
0.0286, 0.9202, 0.0013, 2.5793, 0.0046 			      |	0.0286, 0.9165, 0.0013, 2.5688, 0.0045 
0.0288, 0.9226, 0.0026, 2.5858, 0.0082 			      |	0.0288, 0.9185, 0.0025, 2.5745, 0.0081 
0.0295, 0.9174, 0.0014, 2.5716, 0.0047 			      |	0.0295, 0.9137, 0.0013, 2.5612, 0.0047 
0.0295, 0.9130, 0.0014, 2.5594, 0.0049 			      |	0.0295, 0.9107, 0.0014, 2.5528, 0.0049 
0.0296, 0.9182, 0.0014, 2.5739, 0.0048 			      |	0.0296, 0.9140, 0.0014, 2.5621, 0.0048 
0.0296, 0.9147, 0.0016, 2.5640, 0.0052 			      |	0.0296, 0.9117, 0.0015, 2.5556, 0.0052 
0.0303, 0.9161, 0.0014, 2.5682, 0.0047 			      |	0.0303, 0.9124, 0.0013, 2.5579, 0.0047 
0.0304, 0.9146, 0.0025, 2.5640, 0.0080 			      |	0.0304, 0.9106, 0.0025, 2.5528, 0.0079 
0.0308, 0.9125, 0.0015, 2.5584, 0.0051 			      |	0.0308, 0.9083, 0.0015, 2.5466, 0.0051 
0.0312, 0.9126, 0.0013, 2.5587, 0.0046 			      |	0.0312, 0.9089, 0.0013, 2.5483, 0.0046 
0.0317, 0.9109, 0.0015, 2.5541, 0.0052 			      |	0.0317, 0.9079, 0.0015, 2.5458, 0.0052 
0.0320, 0.9114, 0.0013, 2.5556, 0.0046 			      |	0.0320, 0.9077, 0.0013, 2.5452, 0.0046 
0.0322, 0.9117, 0.0014, 2.5566, 0.0049 			      |	0.0322, 0.9076, 0.0014, 2.5449, 0.0048 
0.0322, 0.9111, 0.0023, 2.5547, 0.0073 			      |	0.0322, 0.9071, 0.0022, 2.5435, 0.0072 
0.0329, 0.9062, 0.0013, 2.5412, 0.0047 			      |	0.0329, 0.9025, 0.0013, 2.5309, 0.0046 
0.0334, 0.9071, 0.0013, 2.5441, 0.0048 			      |	0.0334, 0.9030, 0.0013, 2.5324, 0.0047 
0.0338, 0.9046, 0.0014, 2.5372, 0.0049 			      |	0.0338, 0.9017, 0.0014, 2.5289, 0.0049 
0.0338, 0.9051, 0.0013, 2.5386, 0.0046 			      |	0.0338, 0.9015, 0.0013, 2.5283, 0.0045 
0.0340, 0.9072, 0.0016, 2.5444, 0.0054 			      |	0.0340, 0.9032, 0.0015, 2.5332, 0.0054 
0.0347, 0.9034, 0.0013, 2.5340, 0.0046 			      |	0.0347, 0.8997, 0.0012, 2.5237, 0.0045 
0.0348, 0.9046, 0.0013, 2.5374, 0.0047 			      |	0.0348, 0.9004, 0.0013, 2.5258, 0.0047 
0.0355, 0.9020, 0.0013, 2.5303, 0.0046 			      |	0.0355, 0.8983, 0.0013, 2.5200, 0.0046 
0.0357, 0.9010, 0.0020, 2.5277, 0.0066 			      |	0.0357, 0.8971, 0.0019, 2.5166, 0.0065 
0.0359, 0.9025, 0.0014, 2.5320, 0.0050 			      |	0.0359, 0.8996, 0.0014, 2.5237, 0.0050 
0.0362, 0.9009, 0.0014, 2.5275, 0.0050 			      |	0.0362, 0.8968, 0.0014, 2.5159, 0.0049 
0.0365, 0.8970, 0.0014, 2.5167, 0.0050 			      |	0.0365, 0.8934, 0.0014, 2.5065, 0.0050 
0.0374, 0.8962, 0.0013, 2.5147, 0.0048 			      |	0.0374, 0.8926, 0.0013, 2.5045, 0.0047 
0.0375, 0.8984, 0.0014, 2.5208, 0.0050 			      |	0.0375, 0.8942, 0.0014, 2.5092, 0.0050 
0.0376, 0.8976, 0.0026, 2.5188, 0.0084 			      |	0.0376, 0.8937, 0.0026, 2.5077, 0.0083 
0.0380, 0.8952, 0.0014, 2.5121, 0.0050 			      |	0.0380, 0.8923, 0.0014, 2.5039, 0.0049 
0.0389, 0.8936, 0.0013, 2.5080, 0.0049 			      |	0.0389, 0.8896, 0.0013, 2.4965, 0.0049 
0.0393, 0.8927, 0.0013, 2.5056, 0.0047 			      |	0.0393, 0.8891, 0.0012, 2.4954, 0.0046 
0.0394, 0.8923, 0.0014, 2.5044, 0.0051 			      |	0.0394, 0.8884, 0.0014, 2.4934, 0.0050 
0.0401, 0.8897, 0.0015, 2.4972, 0.0052 			      |	0.0401, 0.8868, 0.0015, 2.4890, 0.0052 
0.0402, 0.8918, 0.0013, 2.5031, 0.0047 			      |	0.0402, 0.8882, 0.0012, 2.4930, 0.0046 
0.0403, 0.8917, 0.0014, 2.5030, 0.0051 			      |	0.0403, 0.8876, 0.0014, 2.4916, 0.0050 
0.0411, 0.8869, 0.0012, 2.4899, 0.0046 			      |	0.0411, 0.8834, 0.0012, 2.4798, 0.0046 
0.0413, 0.8871, 0.0018, 2.4903, 0.0062 			      |	0.0413, 0.8832, 0.0018, 2.4794, 0.0061 
0.0418, 0.8874, 0.0013, 2.4913, 0.0050 			      |	0.0418, 0.8833, 0.0013, 2.4799, 0.0049 
0.0421, 0.8863, 0.0012, 2.4882, 0.0046 			      |	0.0421, 0.8827, 0.0012, 2.4782, 0.0046 
0.0421, 0.8861, 0.0015, 2.4878, 0.0052 			      |	0.0421, 0.8846, 0.0015, 2.4835, 0.0051 
0.0422, 0.8860, 0.0015, 2.4875, 0.0051 			      |	0.0422, 0.8831, 0.0014, 2.4793, 0.0050 
0.0430, 0.8828, 0.0012, 2.4788, 0.0046 			      |	0.0430, 0.8795, 0.0012, 2.4696, 0.0045 
0.0430, 0.8840, 0.0012, 2.4822, 0.0047 			      |	0.0430, 0.8804, 0.0012, 2.4722, 0.0046 
0.0432, 0.8836, 0.0014, 2.4812, 0.0051 			      |	0.0432, 0.8796, 0.0014, 2.4699, 0.0050 
0.0433, 0.8828, 0.0013, 2.4790, 0.0048 			      |	0.0433, 0.8789, 0.0013, 2.4681, 0.0048 
0.0433, 0.8797, 0.0019, 2.4701, 0.0065 			      |	0.0433, 0.8757, 0.0018, 2.4590, 0.0064 
0.0440, 0.8789, 0.0012, 2.4681, 0.0047 			      |	0.0440, 0.8753, 0.0012, 2.4581, 0.0047 
0.0442, 0.8783, 0.0015, 2.4665, 0.0052 			      |	0.0442, 0.8768, 0.0015, 2.4623, 0.0051 
0.0443, 0.8805, 0.0015, 2.4728, 0.0051 			      |	0.0443, 0.8776, 0.0014, 2.4647, 0.0051 
0.0447, 0.8798, 0.0013, 2.4708, 0.0049 			      |	0.0447, 0.8757, 0.0013, 2.4595, 0.0048 
0.0450, 0.8776, 0.0012, 2.4648, 0.0046 			      |	0.0450, 0.8740, 0.0012, 2.4548, 0.0046 
0.0453, 0.8763, 0.0019, 2.4612, 0.0065 			      |	0.0453, 0.8724, 0.0018, 2.4502, 0.0064 
0.0459, 0.8756, 0.0012, 2.4594, 0.0046 			      |	0.0459, 0.8720, 0.0012, 2.4494, 0.0046 
0.0462, 0.8764, 0.0013, 2.4617, 0.0049 			      |	0.0462, 0.8724, 0.0013, 2.4505, 0.0048 
0.0463, 0.8753, 0.0015, 2.4587, 0.0053 			      |	0.0463, 0.8738, 0.0015, 2.4545, 0.0052 
0.0463, 0.8754, 0.0015, 2.4590, 0.0052 			      |	0.0463, 0.8725, 0.0015, 2.4510, 0.0051 
0.0469, 0.8745, 0.0012, 2.4567, 0.0047 			      |	0.0469, 0.8710, 0.0012, 2.4467, 0.0046 
0.0473, 0.8748, 0.0019, 2.4576, 0.0066 			      |	0.0473, 0.8708, 0.0018, 2.4466, 0.0065 
0.0477, 0.8729, 0.0013, 2.4524, 0.0049 			      |	0.0477, 0.8689, 0.0013, 2.4412, 0.0049 
0.0479, 0.8702, 0.0012, 2.4451, 0.0046 			      |	0.0479, 0.8667, 0.0012, 2.4352, 0.0046 
0.0479, 0.8703, 0.0012, 2.4452, 0.0046 			      |	0.0479, 0.8673, 0.0012, 2.4368, 0.0045 
0.0484, 0.8692, 0.0015, 2.4421, 0.0052 			      |	0.0484, 0.8677, 0.0015, 2.4380, 0.0052 
0.0484, 0.8711, 0.0016, 2.4475, 0.0055 			      |	0.0484, 0.8682, 0.0016, 2.4395, 0.0054 
0.0489, 0.8692, 0.0012, 2.4425, 0.0046 			      |	0.0489, 0.8657, 0.0012, 2.4326, 0.0046 
0.0493, 0.8703, 0.0013, 2.4455, 0.0049 			      |	0.0493, 0.8663, 0.0013, 2.4343, 0.0048 
0.0494, 0.8632, 0.0018, 2.4258, 0.0065 			      |	0.0494, 0.8594, 0.0018, 2.4150, 0.0064 
0.0505, 0.8645, 0.0015, 2.4296, 0.0051 			      |	0.0505, 0.8616, 0.0014, 2.4217, 0.0050 
0.0508, 0.8647, 0.0013, 2.4303, 0.0049 			      |	0.0508, 0.8607, 0.0012, 2.4192, 0.0049 
0.0515, 0.8622, 0.0018, 2.4235, 0.0065 			      |	0.0515, 0.8583, 0.0018, 2.4126, 0.0064 
0.0524, 0.8620, 0.0013, 2.4234, 0.0049 			      |	0.0524, 0.8581, 0.0012, 2.4123, 0.0049 
0.0525, 0.8590, 0.0016, 2.4147, 0.0053 			      |	0.0525, 0.8575, 0.0015, 2.4106, 0.0053 
0.0525, 0.8620, 0.0017, 2.4234, 0.0056 			      |	0.0525, 0.8592, 0.0016, 2.4155, 0.0056 
0.0530, 0.8596, 0.0012, 2.4166, 0.0047 			      |	0.0530, 0.8564, 0.0012, 2.4076, 0.0046 
0.0537, 0.8591, 0.0018, 2.4154, 0.0065 			      |	0.0537, 0.8552, 0.0018, 2.4046, 0.0065 
0.0540, 0.8574, 0.0012, 2.4109, 0.0049 			      |	0.0540, 0.8535, 0.0012, 2.3998, 0.0048 
0.0545, 0.8543, 0.0015, 2.4023, 0.0052 			      |	0.0545, 0.8529, 0.0015, 2.3982, 0.0052 
0.0545, 0.8559, 0.0015, 2.4069, 0.0053 			      |	0.0545, 0.8531, 0.0015, 2.3990, 0.0052 
0.0556, 0.8532, 0.0012, 2.3996, 0.0049 			      |	0.0556, 0.8493, 0.0012, 2.3886, 0.0048 
0.0557, 0.8535, 0.0013, 2.4004, 0.0052 			      |	0.0557, 0.8497, 0.0013, 2.3897, 0.0052 
0.0565, 0.8500, 0.0016, 2.3906, 0.0053 			      |	0.0565, 0.8485, 0.0016, 2.3866, 0.0053 
0.0565, 0.8519, 0.0017, 2.3961, 0.0056 			      |	0.0565, 0.8491, 0.0017, 2.3882, 0.0056 
0.0572, 0.8514, 0.0012, 2.3948, 0.0048 			      |	0.0572, 0.8479, 0.0012, 2.3851, 0.0048 
0.0572, 0.8503, 0.0012, 2.3918, 0.0049 			      |	0.0572, 0.8464, 0.0012, 2.3809, 0.0048 
0.0580, 0.8475, 0.0016, 2.3843, 0.0060 			      |	0.0580, 0.8437, 0.0016, 2.3736, 0.0059 
0.0582, 0.8470, 0.0012, 2.3827, 0.0047 			      |	0.0582, 0.8441, 0.0012, 2.3746, 0.0046 
0.0584, 0.8480, 0.0017, 2.3857, 0.0056 			      |	0.0584, 0.8452, 0.0017, 2.3779, 0.0056 
0.0586, 0.8459, 0.0014, 2.3799, 0.0054 			      |	0.0586, 0.8412, 0.0014, 2.3667, 0.0053 
0.0589, 0.8463, 0.0012, 2.3811, 0.0050 			      |	0.0589, 0.8421, 0.0012, 2.3693, 0.0049 
0.0590, 0.8451, 0.0012, 2.3778, 0.0050 			      |	0.0590, 0.8412, 0.0012, 2.3666, 0.0049 
0.0602, 0.8430, 0.0013, 2.3720, 0.0052 			      |	0.0602, 0.8392, 0.0013, 2.3614, 0.0052 
0.0603, 0.8415, 0.0016, 2.3680, 0.0054 			      |	0.0603, 0.8401, 0.0016, 2.3639, 0.0054 
0.0603, 0.8436, 0.0017, 2.3739, 0.0054 			      |	0.0603, 0.8409, 0.0016, 2.3662, 0.0054 
0.0605, 0.8416, 0.0012, 2.3684, 0.0049 			      |	0.0605, 0.8375, 0.0012, 2.3567, 0.0049 
0.0622, 0.8392, 0.0012, 2.3621, 0.0050 			      |	0.0622, 0.8351, 0.0012, 2.3505, 0.0049 
0.0622, 0.8389, 0.0018, 2.3612, 0.0057 			      |	0.0622, 0.8374, 0.0018, 2.3571, 0.0057 
0.0622, 0.8391, 0.0017, 2.3618, 0.0057 			      |	0.0622, 0.8364, 0.0017, 2.3541, 0.0056 
0.0625, 0.8393, 0.0012, 2.3625, 0.0049 			      |	0.0625, 0.8356, 0.0012, 2.3519, 0.0049 
0.0634, 0.8352, 0.0012, 2.3511, 0.0047 			      |	0.0634, 0.8321, 0.0012, 2.3424, 0.0047 
0.0639, 0.8336, 0.0012, 2.3469, 0.0049 			      |	0.0639, 0.8295, 0.0012, 2.3353, 0.0049 
0.0640, 0.8323, 0.0017, 2.3432, 0.0056 			      |	0.0640, 0.8309, 0.0017, 2.3392, 0.0055 
0.0640, 0.8346, 0.0018, 2.3497, 0.0058 			      |	0.0640, 0.8319, 0.0018, 2.3420, 0.0058 
0.0648, 0.8339, 0.0012, 2.3480, 0.0049 			      |	0.0648, 0.8302, 0.0012, 2.3375, 0.0048 
0.0655, 0.8307, 0.0012, 2.3391, 0.0049 			      |	0.0655, 0.8266, 0.0012, 2.3275, 0.0048 
0.0658, 0.8315, 0.0019, 2.3416, 0.0059 			      |	0.0658, 0.8288, 0.0019, 2.3339, 0.0058 
0.0658, 0.8305, 0.0018, 2.3386, 0.0058 			      |	0.0658, 0.8291, 0.0018, 2.3346, 0.0057 
0.0670, 0.8276, 0.0013, 2.3308, 0.0052 			      |	0.0670, 0.8232, 0.0013, 2.3185, 0.0051 
0.0672, 0.8268, 0.0012, 2.3286, 0.0051 			      |	0.0672, 0.8231, 0.0012, 2.3182, 0.0050 
0.0673, 0.8276, 0.0012, 2.3310, 0.0051 			      |	0.0673, 0.8235, 0.0012, 2.3195, 0.0050 
0.0676, 0.8255, 0.0019, 2.3250, 0.0058 			      |	0.0676, 0.8241, 0.0019, 2.3211, 0.0057 
0.0688, 0.8223, 0.0012, 2.3163, 0.0047 			      |	0.0688, 0.8194, 0.0011, 2.3084, 0.0047 
0.0690, 0.8244, 0.0012, 2.3225, 0.0049 			      |	0.0690, 0.8204, 0.0012, 2.3111, 0.0049 
0.0693, 0.8225, 0.0020, 2.3172, 0.0060 			      |	0.0693, 0.8211, 0.0020, 2.3132, 0.0059 
0.0695, 0.8225, 0.0012, 2.3172, 0.0051 			      |	0.0695, 0.8188, 0.0012, 2.3068, 0.0050 
0.0707, 0.8177, 0.0011, 2.3040, 0.0049 			      |	0.0707, 0.8138, 0.0011, 2.2932, 0.0048 
0.0707, 0.8203, 0.0012, 2.3115, 0.0049 			      |	0.0707, 0.8163, 0.0012, 2.3001, 0.0049 
0.0710, 0.8181, 0.0020, 2.3052, 0.0060 			      |	0.0710, 0.8167, 0.0020, 2.3013, 0.0060 
0.0711, 0.8176, 0.0013, 2.3038, 0.0054 			      |	0.0711, 0.8140, 0.0013, 2.2938, 0.0054 
0.0718, 0.8168, 0.0012, 2.3017, 0.0050 			      |	0.0718, 0.8131, 0.0012, 2.2914, 0.0050 
0.0725, 0.8123, 0.0012, 2.2893, 0.0050 			      |	0.0725, 0.8090, 0.0012, 2.2801, 0.0049 
0.0726, 0.8152, 0.0023, 2.2976, 0.0067 			      |	0.0726, 0.8138, 0.0023, 2.2937, 0.0067 
0.0740, 0.8107, 0.0033, 2.2852, 0.0094 			      |	0.0740, 0.8093, 0.0033, 2.2814, 0.0094 
0.0740, 0.8136, 0.0023, 2.2935, 0.0065 			      |	0.0740, 0.8131, 0.0023, 2.2921, 0.0065 
0.0742, 0.8102, 0.0013, 2.2838, 0.0053 			      |	0.0742, 0.8067, 0.0013, 2.2739, 0.0053 
0.0742, 0.8105, 0.0012, 2.2849, 0.0047 			      |	0.0742, 0.8075, 0.0011, 2.2764, 0.0047 
0.0743, 0.8086, 0.0012, 2.2793, 0.0049 			      |	0.0743, 0.8053, 0.0012, 2.2701, 0.0049 
0.0743, 0.8109, 0.0012, 2.2860, 0.0051 			      |	0.0743, 0.8073, 0.0012, 2.2758, 0.0050 
0.0756, 0.8086, 0.0035, 2.2798, 0.0100 			      |	0.0756, 0.8081, 0.0035, 2.2784, 0.0099 
0.0758, 0.8103, 0.0013, 2.2848, 0.0052 			      |	0.0758, 0.8058, 0.0012, 2.2721, 0.0051 
0.0761, 0.8072, 0.0012, 2.2761, 0.0049 			      |	0.0761, 0.8040, 0.0011, 2.2669, 0.0049 
0.0768, 0.8045, 0.0012, 2.2684, 0.0051 			      |	0.0768, 0.8008, 0.0012, 2.2583, 0.0050 
0.0771, 0.8068, 0.0025, 2.2751, 0.0069 			      |	0.0771, 0.8063, 0.0025, 2.2737, 0.0068 
0.0773, 0.8019, 0.0011, 2.2614, 0.0049 			      |	0.0773, 0.7984, 0.0011, 2.2516, 0.0049 
0.0778, 0.8028, 0.0011, 2.2640, 0.0049 			      |	0.0778, 0.7996, 0.0011, 2.2549, 0.0048 
0.0785, 0.8057, 0.0028, 2.2723, 0.0075 			      |	0.0785, 0.8052, 0.0027, 2.2709, 0.0075 
0.0793, 0.8007, 0.0012, 2.2586, 0.0051 			      |	0.0793, 0.7971, 0.0012, 2.2485, 0.0051 
0.0796, 0.7989, 0.0011, 2.2537, 0.0049 			      |	0.0796, 0.7957, 0.0011, 2.2446, 0.0048 
0.0797, 0.7986, 0.0012, 2.2528, 0.0048 			      |	0.0797, 0.7959, 0.0012, 2.2450, 0.0048 
0.0798, 0.8016, 0.0028, 2.2612, 0.0075 			      |	0.0798, 0.8011, 0.0028, 2.2598, 0.0074 
0.0805, 0.7974, 0.0012, 2.2496, 0.0051 			      |	0.0805, 0.7939, 0.0012, 2.2399, 0.0051 
0.0811, 0.7992, 0.0030, 2.2547, 0.0079 			      |	0.0811, 0.7987, 0.0030, 2.2533, 0.0079 
0.0815, 0.7951, 0.0011, 2.2435, 0.0049 			      |	0.0815, 0.7919, 0.0011, 2.2344, 0.0048 
0.0818, 0.7962, 0.0012, 2.2465, 0.0051 			      |	0.0818, 0.7926, 0.0012, 2.2364, 0.0051 
0.0822, 0.7945, 0.0033, 2.2418, 0.0086 			      |	0.0822, 0.7940, 0.0033, 2.2404, 0.0086 
0.0831, 0.7930, 0.0012, 2.2379, 0.0051 			      |	0.0831, 0.7893, 0.0012, 2.2274, 0.0050 
0.0832, 0.7919, 0.0011, 2.2347, 0.0048 			      |	0.0832, 0.7887, 0.0011, 2.2257, 0.0048 
0.0834, 0.7925, 0.0034, 2.2366, 0.0089 			      |	0.0834, 0.7920, 0.0034, 2.2352, 0.0089 
0.0837, 0.7898, 0.0011, 2.2291, 0.0049 			      |	0.0837, 0.7864, 0.0011, 2.2194, 0.0048 
0.0842, 0.7904, 0.0012, 2.2310, 0.0051 			      |	0.0842, 0.7869, 0.0012, 2.2210, 0.0051 
0.0849, 0.7930, 0.0011, 2.2384, 0.0049 			      |	0.0849, 0.7888, 0.0011, 2.2266, 0.0048 
0.0851, 0.7882, 0.0011, 2.2249, 0.0048 			      |	0.0851, 0.7843, 0.0011, 2.2140, 0.0048 
0.0851, 0.7882, 0.0011, 2.2251, 0.0048 			      |	0.0851, 0.7851, 0.0011, 2.2161, 0.0048 
0.0852, 0.7874, 0.0012, 2.2227, 0.0048 			      |	0.0852, 0.7845, 0.0012, 2.2144, 0.0047 
0.0867, 0.7780, 0.0017, 2.1965, 0.0067 			      |	0.0867, 0.7735, 0.0017, 2.1839, 0.0067 
0.0868, 0.7837, 0.0012, 2.2127, 0.0051 			      |	0.0868, 0.7802, 0.0012, 2.2027, 0.0051 
0.0870, 0.7854, 0.0011, 2.2175, 0.0049 			      |	0.0870, 0.7822, 0.0011, 2.2085, 0.0048 
0.0870, 0.7851, 0.0013, 2.2168, 0.0054 			      |	0.0870, 0.7817, 0.0013, 2.2071, 0.0054 
0.0888, 0.7808, 0.0011, 2.2051, 0.0048 			      |	0.0888, 0.7777, 0.0011, 2.1962, 0.0048 
0.0894, 0.7793, 0.0012, 2.2011, 0.0051 			      |	0.0894, 0.7758, 0.0012, 2.1912, 0.0051 
0.0903, 0.7779, 0.0011, 2.1974, 0.0049 			      |	0.0903, 0.7745, 0.0011, 2.1878, 0.0049 
0.0906, 0.7770, 0.0011, 2.1948, 0.0048 			      |	0.0906, 0.7738, 0.0011, 2.1859, 0.0048 
0.0908, 0.7762, 0.0012, 2.1926, 0.0049 			      |	0.0908, 0.7735, 0.0012, 2.1851, 0.0048 
0.0908, 0.7761, 0.0017, 2.1923, 0.0068 			      |	0.0908, 0.7716, 0.0017, 2.1798, 0.0067 
0.0920, 0.7723, 0.0012, 2.1819, 0.0052 			      |	0.0920, 0.7691, 0.0012, 2.1730, 0.0051 
0.0920, 0.7740, 0.0012, 2.1868, 0.0052 			      |	0.0920, 0.7706, 0.0012, 2.1770, 0.0051 
0.0925, 0.7738, 0.0011, 2.1864, 0.0049 			      |	0.0925, 0.7707, 0.0011, 2.1776, 0.0048 
0.0936, 0.7697, 0.0011, 2.1752, 0.0050 			      |	0.0936, 0.7664, 0.0011, 2.1657, 0.0050 
0.0943, 0.7728, 0.0011, 2.1841, 0.0048 			      |	0.0943, 0.7685, 0.0011, 2.1720, 0.0047 
0.0944, 0.7703, 0.0011, 2.1770, 0.0048 			      |	0.0944, 0.7672, 0.0011, 2.1682, 0.0048 
0.0946, 0.7677, 0.0012, 2.1697, 0.0052 			      |	0.0946, 0.7643, 0.0012, 2.1599, 0.0051 
0.0949, 0.7677, 0.0017, 2.1699, 0.0067 			      |	0.0949, 0.7634, 0.0017, 2.1574, 0.0066 
0.0963, 0.7661, 0.0011, 2.1656, 0.0049 			      |	0.0963, 0.7630, 0.0011, 2.1568, 0.0048 
0.0963, 0.7657, 0.0013, 2.1644, 0.0051 			      |	0.0963, 0.7628, 0.0013, 2.1564, 0.0051 
0.0964, 0.7675, 0.0011, 2.1697, 0.0049 			      |	0.0964, 0.7639, 0.0011, 2.1593, 0.0049 
0.0964, 0.7669, 0.0011, 2.1679, 0.0050 			      |	0.0964, 0.7633, 0.0011, 2.1577, 0.0049 
0.0970, 0.7657, 0.0011, 2.1647, 0.0051 			      |	0.0970, 0.7624, 0.0011, 2.1553, 0.0050 
0.0974, 0.7646, 0.0012, 2.1615, 0.0052 			      |	0.0974, 0.7611, 0.0012, 2.1518, 0.0052 
0.0982, 0.7617, 0.0011, 2.1537, 0.0048 			      |	0.0982, 0.7586, 0.0011, 2.1450, 0.0048 
0.0990, 0.7612, 0.0017, 2.1524, 0.0068 			      |	0.0990, 0.7568, 0.0017, 2.1401, 0.0067 
0.1000, 0.7591, 0.0012, 2.1469, 0.0052 			      |	0.1000, 0.7557, 0.0012, 2.1373, 0.0052 
0.1001, 0.7586, 0.0011, 2.1454, 0.0048 			      |	0.1001, 0.7555, 0.0011, 2.1367, 0.0048 
0.1005, 0.7581, 0.0011, 2.1441, 0.0051 			      |	0.1005, 0.7548, 0.0011, 2.1348, 0.0050 
0.1018, 0.7562, 0.0013, 2.1391, 0.0051 			      |	0.1018, 0.7536, 0.0013, 2.1317, 0.0051 
0.1021, 0.7547, 0.0011, 2.1350, 0.0048 			      |	0.1021, 0.7517, 0.0011, 2.1264, 0.0048 
0.1027, 0.7531, 0.0011, 2.1306, 0.0051 			      |	0.1027, 0.7497, 0.0011, 2.1210, 0.0050 
0.1033, 0.7480, 0.0015, 2.1162, 0.0061 			      |	0.1033, 0.7437, 0.0014, 2.1041, 0.0060 
0.1039, 0.7519, 0.0011, 2.1274, 0.0051 			      |	0.1039, 0.7486, 0.0011, 2.1181, 0.0050 
0.1039, 0.7527, 0.0011, 2.1299, 0.0049 			      |	0.1039, 0.7488, 0.0011, 2.1186, 0.0048 
0.1039, 0.7521, 0.0011, 2.1280, 0.0049 			      |	0.1039, 0.7490, 0.0011, 2.1194, 0.0048 
0.1054, 0.7486, 0.0011, 2.1185, 0.0051 			      |	0.1054, 0.7452, 0.0011, 2.1090, 0.0051 
0.1059, 0.7484, 0.0011, 2.1182, 0.0048 			      |	0.1059, 0.7454, 0.0011, 2.1096, 0.0048 
0.1073, 0.7445, 0.0013, 2.1075, 0.0049 			      |	0.1073, 0.7418, 0.0013, 2.0997, 0.0049 
0.1074, 0.7423, 0.0011, 2.1013, 0.0050 			      |	0.1074, 0.7391, 0.0011, 2.0922, 0.0050 
0.1076, 0.7390, 0.0016, 2.0920, 0.0066 			      |	0.1076, 0.7348, 0.0016, 2.0801, 0.0065 
0.1078, 0.7446, 0.0011, 2.1079, 0.0048 			      |	0.1078, 0.7416, 0.0011, 2.0994, 0.0048 
0.1082, 0.7430, 0.0011, 2.1035, 0.0051 			      |	0.1082, 0.7397, 0.0011, 2.0940, 0.0051 
0.1097, 0.7407, 0.0011, 2.0973, 0.0048 			      |	0.1097, 0.7377, 0.0011, 2.0888, 0.0048 
0.1100, 0.7408, 0.0011, 2.0976, 0.0050 			      |	0.1100, 0.7372, 0.0011, 2.0875, 0.0050 
0.1110, 0.7365, 0.0011, 2.0857, 0.0050 			      |	0.1110, 0.7334, 0.0011, 2.0771, 0.0050 
0.1110, 0.7377, 0.0010, 2.0891, 0.0047 			      |	0.1110, 0.7344, 0.0010, 2.0797, 0.0047 
0.1110, 0.7356, 0.0011, 2.0831, 0.0050 			      |	0.1110, 0.7324, 0.0011, 2.0741, 0.0050 
0.1117, 0.7367, 0.0011, 2.0864, 0.0048 			      |	0.1117, 0.7337, 0.0011, 2.0780, 0.0048 
0.1120, 0.7338, 0.0016, 2.0784, 0.0066 			      |	0.1120, 0.7296, 0.0016, 2.0665, 0.0065 
0.1128, 0.7378, 0.0013, 2.0898, 0.0047 			      |	0.1128, 0.7337, 0.0012, 2.0784, 0.0047 
0.1128, 0.7341, 0.0013, 2.0796, 0.0049 			      |	0.1128, 0.7316, 0.0013, 2.0724, 0.0049 
0.1137, 0.7322, 0.0011, 2.0743, 0.0048 			      |	0.1137, 0.7292, 0.0011, 2.0659, 0.0048 
0.1137, 0.7345, 0.0011, 2.0808, 0.0048 			      |	0.1137, 0.7304, 0.0011, 2.0693, 0.0048 
0.1137, 0.7322, 0.0010, 2.0744, 0.0048 			      |	0.1137, 0.7292, 0.0010, 2.0659, 0.0048 
0.1146, 0.7311, 0.0011, 2.0715, 0.0050 			      |	0.1146, 0.7279, 0.0011, 2.0625, 0.0049 
0.1156, 0.7289, 0.0011, 2.0654, 0.0049 			      |	0.1156, 0.7259, 0.0011, 2.0571, 0.0048 
0.1161, 0.7294, 0.0013, 2.0672, 0.0048 			      |	0.1161, 0.7255, 0.0013, 2.0558, 0.0047 
0.1163, 0.7242, 0.0016, 2.0523, 0.0065 			      |	0.1163, 0.7201, 0.0016, 2.0406, 0.0064 
0.1175, 0.7244, 0.0011, 2.0532, 0.0048 			      |	0.1175, 0.7215, 0.0011, 2.0449, 0.0048 
0.1181, 0.7266, 0.0013, 2.0595, 0.0047 			      |	0.1181, 0.7226, 0.0013, 2.0482, 0.0047 
0.1182, 0.7245, 0.0013, 2.0538, 0.0049 			      |	0.1182, 0.7219, 0.0013, 2.0462, 0.0049 
0.1182, 0.7242, 0.0010, 2.0529, 0.0049 			      |	0.1182, 0.7211, 0.0010, 2.0439, 0.0049 
0.1194, 0.7212, 0.0010, 2.0447, 0.0048 			      |	0.1194, 0.7182, 0.0010, 2.0363, 0.0048 
0.1209, 0.7145, 0.0014, 2.0260, 0.0059 			      |	0.1209, 0.7104, 0.0014, 2.0144, 0.0058 
0.1219, 0.7190, 0.0011, 2.0390, 0.0050 			      |	0.1219, 0.7159, 0.0011, 2.0302, 0.0049 
0.1235, 0.7164, 0.0014, 2.0320, 0.0048 			      |	0.1235, 0.7139, 0.0013, 2.0250, 0.0048 
0.1236, 0.7157, 0.0011, 2.0300, 0.0048 			      |	0.1236, 0.7119, 0.0011, 2.0193, 0.0048 
0.1241, 0.7155, 0.0011, 2.0298, 0.0050 			      |	0.1241, 0.7121, 0.0011, 2.0201, 0.0050 
0.1251, 0.7126, 0.0010, 2.0217, 0.0048 			      |	0.1251, 0.7097, 0.0010, 2.0134, 0.0048 
0.1255, 0.7088, 0.0016, 2.0111, 0.0065 			      |	0.1255, 0.7048, 0.0015, 1.9996, 0.0064 
0.1255, 0.7109, 0.0011, 2.0171, 0.0050 			      |	0.1255, 0.7078, 0.0010, 2.0083, 0.0049 
0.1287, 0.7067, 0.0014, 2.0059, 0.0047 			      |	0.1287, 0.7028, 0.0013, 1.9949, 0.0046 
0.1288, 0.7056, 0.0014, 2.0027, 0.0048 			      |	0.1288, 0.7029, 0.0014, 1.9952, 0.0048 
0.1288, 0.7064, 0.0015, 2.0050, 0.0051 			      |	0.1288, 0.7037, 0.0015, 1.9975, 0.0050 
0.1294, 0.7037, 0.0011, 1.9974, 0.0050 			      |	0.1294, 0.7005, 0.0011, 1.9886, 0.0050 
0.1294, 0.7047, 0.0011, 2.0004, 0.0050 			      |	0.1294, 0.7016, 0.0010, 1.9917, 0.0049 
0.1300, 0.7019, 0.0016, 1.9926, 0.0064 			      |	0.1300, 0.6979, 0.0015, 1.9812, 0.0064 
0.1308, 0.7020, 0.0010, 1.9931, 0.0048 			      |	0.1308, 0.6991, 0.0010, 1.9849, 0.0047 
0.1331, 0.6978, 0.0011, 1.9818, 0.0050 			      |	0.1331, 0.6948, 0.0010, 1.9732, 0.0049 
0.1336, 0.6971, 0.0011, 1.9799, 0.0048 			      |	0.1336, 0.6932, 0.0011, 1.9689, 0.0047 
0.1340, 0.6961, 0.0014, 1.9771, 0.0048 			      |	0.1340, 0.6937, 0.0014, 1.9703, 0.0048 
0.1340, 0.6965, 0.0014, 1.9784, 0.0048 			      |	0.1340, 0.6942, 0.0014, 1.9716, 0.0048 
0.1340, 0.6956, 0.0014, 1.9757, 0.0047 			      |	0.1340, 0.6918, 0.0014, 1.9649, 0.0046 
0.1348, 0.6955, 0.0016, 1.9757, 0.0064 			      |	0.1348, 0.6915, 0.0015, 1.9644, 0.0064 
0.1367, 0.6917, 0.0010, 1.9653, 0.0048 			      |	0.1367, 0.6889, 0.0010, 1.9572, 0.0047 
0.1369, 0.6921, 0.0010, 1.9664, 0.0049 			      |	0.1369, 0.6891, 0.0010, 1.9578, 0.0049 
0.1387, 0.6904, 0.0011, 1.9622, 0.0049 			      |	0.1387, 0.6871, 0.0011, 1.9528, 0.0048 
0.1391, 0.6883, 0.0015, 1.9564, 0.0048 			      |	0.1391, 0.6858, 0.0015, 1.9491, 0.0048 
0.1391, 0.6877, 0.0014, 1.9545, 0.0046 			      |	0.1391, 0.6839, 0.0014, 1.9438, 0.0046 
0.1391, 0.6876, 0.0016, 1.9543, 0.0050 			      |	0.1391, 0.6850, 0.0016, 1.9470, 0.0050 
0.1395, 0.6858, 0.0013, 1.9492, 0.0058 			      |	0.1395, 0.6819, 0.0013, 1.9380, 0.0058 
0.1408, 0.6850, 0.0010, 1.9474, 0.0049 			      |	0.1408, 0.6821, 0.0010, 1.9390, 0.0049 
0.1425, 0.6829, 0.0010, 1.9416, 0.0047 			      |	0.1425, 0.6801, 0.0010, 1.9337, 0.0047 
0.1435, 0.6807, 0.0011, 1.9357, 0.0047 			      |	0.1435, 0.6771, 0.0011, 1.9254, 0.0046 
0.1441, 0.6760, 0.0015, 1.9224, 0.0062 			      |	0.1441, 0.6721, 0.0015, 1.9114, 0.0061 
0.1441, 0.6802, 0.0015, 1.9344, 0.0048 			      |	0.1441, 0.6779, 0.0015, 1.9278, 0.0048 
0.1441, 0.6789, 0.0015, 1.9309, 0.0046 			      |	0.1441, 0.6752, 0.0015, 1.9203, 0.0046 
0.1446, 0.6794, 0.0010, 1.9323, 0.0049 			      |	0.1446, 0.6764, 0.0010, 1.9239, 0.0049 
0.1484, 0.6717, 0.0010, 1.9113, 0.0047 			      |	0.1484, 0.6689, 0.0010, 1.9034, 0.0047 
0.1485, 0.6724, 0.0011, 1.9132, 0.0050 			      |	0.1485, 0.6694, 0.0011, 1.9049, 0.0049 
0.1490, 0.6685, 0.0015, 1.9025, 0.0062 			      |	0.1490, 0.6647, 0.0015, 1.8916, 0.0061 
0.1490, 0.6717, 0.0015, 1.9115, 0.0045 			      |	0.1490, 0.6680, 0.0015, 1.9011, 0.0045 
0.1513, 0.6674, 0.0011, 1.8997, 0.0048 			      |	0.1513, 0.6646, 0.0010, 1.8919, 0.0047 
0.1524, 0.6659, 0.0011, 1.8957, 0.0050 			      |	0.1524, 0.6630, 0.0011, 1.8875, 0.0049 
0.1535, 0.6654, 0.0011, 1.8946, 0.0049 			      |	0.1535, 0.6622, 0.0011, 1.8855, 0.0049 
0.1537, 0.6642, 0.0012, 1.8912, 0.0048 			      |	0.1537, 0.6605, 0.0012, 1.8807, 0.0048 
0.1538, 0.6635, 0.0015, 1.8894, 0.0062 			      |	0.1538, 0.6597, 0.0015, 1.8786, 0.0061 
0.1538, 0.6620, 0.0016, 1.8850, 0.0047 			      |	0.1538, 0.6584, 0.0016, 1.8747, 0.0046 
0.1543, 0.6629, 0.0011, 1.8876, 0.0048 			      |	0.1543, 0.6602, 0.0011, 1.8799, 0.0047 
0.1564, 0.6604, 0.0010, 1.8811, 0.0048 			      |	0.1564, 0.6575, 0.0010, 1.8728, 0.0048 
0.1564, 0.6601, 0.0010, 1.8804, 0.0046 			      |	0.1564, 0.6573, 0.0010, 1.8722, 0.0046 
0.1573, 0.6583, 0.0011, 1.8752, 0.0047 			      |	0.1573, 0.6556, 0.0011, 1.8675, 0.0047 
0.1585, 0.6559, 0.0017, 1.8687, 0.0047 			      |	0.1585, 0.6523, 0.0017, 1.8585, 0.0046 
0.1588, 0.6551, 0.0013, 1.8667, 0.0057 			      |	0.1588, 0.6514, 0.0013, 1.8560, 0.0056 
0.1603, 0.6535, 0.0011, 1.8624, 0.0047 			      |	0.1603, 0.6508, 0.0011, 1.8547, 0.0047 
0.1604, 0.6545, 0.0011, 1.8652, 0.0049 			      |	0.1604, 0.6516, 0.0010, 1.8570, 0.0048 
0.1631, 0.6479, 0.0017, 1.8471, 0.0046 			      |	0.1631, 0.6444, 0.0017, 1.8370, 0.0045 
0.1633, 0.6491, 0.0011, 1.8506, 0.0047 			      |	0.1633, 0.6465, 0.0011, 1.8430, 0.0047 
0.1636, 0.6475, 0.0012, 1.8460, 0.0047 			      |	0.1636, 0.6441, 0.0012, 1.8363, 0.0046 
0.1637, 0.6466, 0.0018, 1.8436, 0.0072 			      |	0.1637, 0.6429, 0.0018, 1.8331, 0.0071 
0.1643, 0.6482, 0.0011, 1.8483, 0.0049 			      |	0.1643, 0.6454, 0.0010, 1.8401, 0.0048 
0.1663, 0.6440, 0.0011, 1.8366, 0.0047 			      |	0.1663, 0.6413, 0.0011, 1.8291, 0.0047 
0.1675, 0.6433, 0.0018, 1.8351, 0.0047 			      |	0.1675, 0.6398, 0.0018, 1.8251, 0.0047 
0.1683, 0.6405, 0.0010, 1.8272, 0.0048 			      |	0.1683, 0.6377, 0.0010, 1.8191, 0.0048 
0.1687, 0.6402, 0.0015, 1.8265, 0.0061 			      |	0.1687, 0.6366, 0.0014, 1.8161, 0.0060 
0.1688, 0.6418, 0.0011, 1.8310, 0.0048 			      |	0.1688, 0.6387, 0.0011, 1.8222, 0.0047 
0.1693, 0.6382, 0.0011, 1.8208, 0.0047 			      |	0.1693, 0.6356, 0.0011, 1.8134, 0.0046 
0.1719, 0.6348, 0.0018, 1.8116, 0.0046 			      |	0.1719, 0.6313, 0.0018, 1.8017, 0.0045 
0.1723, 0.6331, 0.0010, 1.8070, 0.0047 			      |	0.1723, 0.6303, 0.0010, 1.7990, 0.0047 
0.1723, 0.6355, 0.0011, 1.8137, 0.0047 			      |	0.1723, 0.6328, 0.0011, 1.8063, 0.0047 
0.1737, 0.6324, 0.0013, 1.8052, 0.0047 			      |	0.1737, 0.6289, 0.0012, 1.7952, 0.0046 
0.1739, 0.6347, 0.0015, 1.8120, 0.0061 			      |	0.1739, 0.6311, 0.0014, 1.8016, 0.0060 
0.1754, 0.6307, 0.0011, 1.8009, 0.0047 			      |	0.1754, 0.6281, 0.0011, 1.7935, 0.0046 
0.1761, 0.6295, 0.0019, 1.7976, 0.0046 			      |	0.1761, 0.6261, 0.0019, 1.7878, 0.0045 
0.1764, 0.6298, 0.0010, 1.7984, 0.0047 			      |	0.1764, 0.6270, 0.0010, 1.7905, 0.0047 
0.1785, 0.6261, 0.0011, 1.7885, 0.0047 			      |	0.1785, 0.6236, 0.0011, 1.7811, 0.0046 
0.1789, 0.6267, 0.0013, 1.7903, 0.0056 			      |	0.1789, 0.6231, 0.0013, 1.7800, 0.0055 
0.1802, 0.6229, 0.0020, 1.7797, 0.0047 			      |	0.1802, 0.6195, 0.0020, 1.7700, 0.0046 
0.1805, 0.6244, 0.0010, 1.7841, 0.0047 			      |	0.1805, 0.6217, 0.0010, 1.7762, 0.0047 
0.1815, 0.6202, 0.0011, 1.7721, 0.0046 			      |	0.1815, 0.6176, 0.0011, 1.7648, 0.0046 
0.1835, 0.6176, 0.0013, 1.7652, 0.0045 			      |	0.1835, 0.6143, 0.0013, 1.7559, 0.0045 
0.1835, 0.6173, 0.0010, 1.7643, 0.0046 			      |	0.1835, 0.6146, 0.0010, 1.7566, 0.0046 
0.1840, 0.6213, 0.0014, 1.7758, 0.0060 			      |	0.1840, 0.6177, 0.0014, 1.7656, 0.0059 
0.1840, 0.6178, 0.0011, 1.7660, 0.0047 			      |	0.1840, 0.6148, 0.0011, 1.7575, 0.0046 
0.1841, 0.6168, 0.0021, 1.7631, 0.0047 			      |	0.1841, 0.6134, 0.0020, 1.7534, 0.0046 
0.1846, 0.6194, 0.0011, 1.7706, 0.0048 			      |	0.1846, 0.6166, 0.0011, 1.7627, 0.0047 
0.1880, 0.6109, 0.0022, 1.7472, 0.0048 			      |	0.1880, 0.6076, 0.0021, 1.7376, 0.0047 
0.1888, 0.6126, 0.0011, 1.7523, 0.0048 			      |	0.1888, 0.6099, 0.0011, 1.7445, 0.0047 
0.1893, 0.6112, 0.0014, 1.7482, 0.0059 			      |	0.1893, 0.6077, 0.0014, 1.7382, 0.0058 
0.1916, 0.6065, 0.0023, 1.7353, 0.0049 			      |	0.1916, 0.6032, 0.0022, 1.7258, 0.0048 
0.1928, 0.6073, 0.0011, 1.7378, 0.0047 			      |	0.1928, 0.6046, 0.0011, 1.7301, 0.0047 
0.1934, 0.6037, 0.0013, 1.7278, 0.0045 			      |	0.1934, 0.6004, 0.0013, 1.7182, 0.0045 
0.1943, 0.6041, 0.0014, 1.7290, 0.0059 			      |	0.1943, 0.6006, 0.0014, 1.7191, 0.0058 
0.1949, 0.6010, 0.0024, 1.7204, 0.0050 			      |	0.1949, 0.5977, 0.0023, 1.7109, 0.0049 
0.1970, 0.5997, 0.0011, 1.7171, 0.0047 			      |	0.1970, 0.5971, 0.0011, 1.7095, 0.0047 
0.1984, 0.5973, 0.0025, 1.7106, 0.0051 			      |	0.1984, 0.5941, 0.0025, 1.7013, 0.0051 
0.1992, 0.5979, 0.0012, 1.7123, 0.0046 			      |	0.1992, 0.5950, 0.0011, 1.7041, 0.0046 
0.1997, 0.5957, 0.0012, 1.7063, 0.0051 			      |	0.1997, 0.5923, 0.0012, 1.6965, 0.0050 
0.2011, 0.5929, 0.0011, 1.6984, 0.0047 			      |	0.2011, 0.5903, 0.0011, 1.6909, 0.0046 
0.2011, 0.5939, 0.0010, 1.7012, 0.0045 			      |	0.2011, 0.5908, 0.0010, 1.6923, 0.0045 
0.2017, 0.5921, 0.0026, 1.6964, 0.0053 			      |	0.2017, 0.5889, 0.0026, 1.6871, 0.0053 
0.2030, 0.5902, 0.0013, 1.6910, 0.0043 			      |	0.2030, 0.5870, 0.0013, 1.6821, 0.0043 
0.2045, 0.5870, 0.0010, 1.6824, 0.0045 			      |	0.2045, 0.5845, 0.0010, 1.6751, 0.0044 
0.2048, 0.5895, 0.0028, 1.6894, 0.0056 			      |	0.2048, 0.5862, 0.0027, 1.6802, 0.0055 
0.2051, 0.5897, 0.0012, 1.6901, 0.0051 			      |	0.2051, 0.5863, 0.0012, 1.6804, 0.0050 
0.2052, 0.5879, 0.0010, 1.6850, 0.0045 			      |	0.2052, 0.5848, 0.0010, 1.6762, 0.0045 
0.2053, 0.5876, 0.0010, 1.6842, 0.0045 			      |	0.2053, 0.5850, 0.0010, 1.6767, 0.0044 
0.2094, 0.5837, 0.0011, 1.6739, 0.0046 			      |	0.2094, 0.5806, 0.0011, 1.6651, 0.0045 
0.2095, 0.5821, 0.0011, 1.6693, 0.0045 			      |	0.2095, 0.5795, 0.0010, 1.6620, 0.0045 
0.2103, 0.5812, 0.0012, 1.6668, 0.0050 			      |	0.2103, 0.5778, 0.0012, 1.6573, 0.0050 
0.2105, 0.5809, 0.0031, 1.6661, 0.0062 			      |	0.2105, 0.5777, 0.0030, 1.6569, 0.0061 
0.2127, 0.5794, 0.0014, 1.6622, 0.0043 			      |	0.2127, 0.5760, 0.0014, 1.6526, 0.0042 
0.2127, 0.5776, 0.0014, 1.6572, 0.0043 			      |	0.2127, 0.5744, 0.0014, 1.6480, 0.0042 
0.2131, 0.5766, 0.0032, 1.6543, 0.0065 			      |	0.2131, 0.5734, 0.0032, 1.6452, 0.0064 
0.2137, 0.5781, 0.0010, 1.6588, 0.0044 			      |	0.2137, 0.5751, 0.0010, 1.6501, 0.0044 
0.2148, 0.5755, 0.0012, 1.6517, 0.0045 			      |	0.2148, 0.5728, 0.0012, 1.6437, 0.0044 
0.2156, 0.5748, 0.0012, 1.6497, 0.0050 			      |	0.2156, 0.5715, 0.0012, 1.6402, 0.0049 
0.2178, 0.5719, 0.0010, 1.6417, 0.0044 			      |	0.2178, 0.5689, 0.0010, 1.6331, 0.0044 
0.2179, 0.5714, 0.0011, 1.6403, 0.0045 			      |	0.2179, 0.5688, 0.0011, 1.6331, 0.0044 
0.2210, 0.5701, 0.0012, 1.6372, 0.0050 			      |	0.2210, 0.5668, 0.0012, 1.6279, 0.0049 
0.2219, 0.5658, 0.0014, 1.6252, 0.0040 			      |	0.2219, 0.5625, 0.0014, 1.6158, 0.0040 
0.2220, 0.5657, 0.0014, 1.6250, 0.0042 			      |	0.2220, 0.5628, 0.0014, 1.6164, 0.0042 
0.2222, 0.5662, 0.0011, 1.6265, 0.0044 			      |	0.2222, 0.5633, 0.0010, 1.6180, 0.0043 
0.2258, 0.5608, 0.0011, 1.6115, 0.0044 			      |	0.2258, 0.5583, 0.0010, 1.6045, 0.0043 
0.2264, 0.5615, 0.0012, 1.6138, 0.0049 			      |	0.2264, 0.5583, 0.0012, 1.6045, 0.0049 
0.2264, 0.5590, 0.0011, 1.6066, 0.0043 			      |	0.2264, 0.5565, 0.0010, 1.5995, 0.0043 
0.2264, 0.5621, 0.0011, 1.6155, 0.0044 			      |	0.2264, 0.5592, 0.0011, 1.6071, 0.0044 
0.2301, 0.5563, 0.0012, 1.5996, 0.0044 			      |	0.2301, 0.5536, 0.0012, 1.5919, 0.0043 
0.2307, 0.5569, 0.0011, 1.6015, 0.0044 			      |	0.2307, 0.5540, 0.0011, 1.5931, 0.0043 
0.2313, 0.5537, 0.0014, 1.5924, 0.0040 			      |	0.2313, 0.5505, 0.0014, 1.5832, 0.0040 
0.2313, 0.5545, 0.0015, 1.5947, 0.0041 			      |	0.2313, 0.5514, 0.0015, 1.5858, 0.0041 
0.2318, 0.5555, 0.0012, 1.5975, 0.0049 			      |	0.2318, 0.5523, 0.0012, 1.5884, 0.0049 
0.2348, 0.5503, 0.0011, 1.5831, 0.0043 			      |	0.2348, 0.5474, 0.0011, 1.5749, 0.0043 
0.2349, 0.5497, 0.0011, 1.5816, 0.0043 			      |	0.2349, 0.5473, 0.0011, 1.5746, 0.0043 
0.2372, 0.5471, 0.0012, 1.5744, 0.0050 			      |	0.2372, 0.5439, 0.0012, 1.5654, 0.0049 
0.2390, 0.5454, 0.0011, 1.5701, 0.0043 			      |	0.2390, 0.5426, 0.0011, 1.5619, 0.0042 
0.2403, 0.5432, 0.0015, 1.5641, 0.0039 			      |	0.2403, 0.5401, 0.0015, 1.5551, 0.0039 
0.2403, 0.5432, 0.0015, 1.5639, 0.0040 			      |	0.2403, 0.5403, 0.0015, 1.5557, 0.0040 
0.2427, 0.5411, 0.0012, 1.5583, 0.0048 			      |	0.2427, 0.5380, 0.0012, 1.5494, 0.0048 
0.2433, 0.5395, 0.0011, 1.5539, 0.0042 			      |	0.2433, 0.5367, 0.0011, 1.5457, 0.0042 
0.2435, 0.5382, 0.0011, 1.5502, 0.0044 			      |	0.2435, 0.5358, 0.0011, 1.5434, 0.0043 
0.2456, 0.5377, 0.0013, 1.5492, 0.0043 			      |	0.2456, 0.5351, 0.0012, 1.5418, 0.0042 
0.2470, 0.5359, 0.0011, 1.5443, 0.0044 			      |	0.2470, 0.5336, 0.0011, 1.5376, 0.0043 
0.2477, 0.5358, 0.0011, 1.5440, 0.0043 			      |	0.2477, 0.5330, 0.0011, 1.5360, 0.0043 
0.2481, 0.5321, 0.0015, 1.5334, 0.0056 			      |	0.2481, 0.5290, 0.0015, 1.5246, 0.0055 
0.2492, 0.5335, 0.0016, 1.5377, 0.0039 			      |	0.2492, 0.5305, 0.0016, 1.5291, 0.0039 
0.2493, 0.5317, 0.0015, 1.5327, 0.0038 			      |	0.2493, 0.5287, 0.0015, 1.5239, 0.0038 
0.2520, 0.5305, 0.0011, 1.5296, 0.0042 			      |	0.2520, 0.5277, 0.0011, 1.5216, 0.0042 
0.2536, 0.5300, 0.0012, 1.5285, 0.0047 			      |	0.2536, 0.5269, 0.0012, 1.5197, 0.0047 
0.2578, 0.5232, 0.0016, 1.5099, 0.0038 			      |	0.2578, 0.5205, 0.0016, 1.5019, 0.0038 
0.2578, 0.5233, 0.0016, 1.5100, 0.0038 			      |	0.2578, 0.5203, 0.0016, 1.5013, 0.0037 
0.2592, 0.5241, 0.0012, 1.5127, 0.0047 			      |	0.2592, 0.5211, 0.0012, 1.5040, 0.0046 
0.2608, 0.5210, 0.0013, 1.5041, 0.0041 			      |	0.2608, 0.5185, 0.0013, 1.4969, 0.0041 
0.2647, 0.5182, 0.0012, 1.4965, 0.0047 			      |	0.2647, 0.5152, 0.0012, 1.4879, 0.0046 
0.2663, 0.5142, 0.0017, 1.4855, 0.0038 			      |	0.2663, 0.5114, 0.0017, 1.4772, 0.0037 
0.2663, 0.5130, 0.0016, 1.4820, 0.0037 			      |	0.2663, 0.5101, 0.0016, 1.4735, 0.0036 
0.2686, 0.5126, 0.0012, 1.4813, 0.0042 			      |	0.2686, 0.5104, 0.0012, 1.4748, 0.0042 
0.2702, 0.5113, 0.0012, 1.4777, 0.0046 			      |	0.2702, 0.5084, 0.0012, 1.4693, 0.0046 
0.2744, 0.5053, 0.0017, 1.4612, 0.0037 			      |	0.2744, 0.5026, 0.0017, 1.4535, 0.0036 
0.2744, 0.5058, 0.0017, 1.4628, 0.0036 			      |	0.2744, 0.5029, 0.0017, 1.4544, 0.0036 
0.2745, 0.5039, 0.0017, 1.4572, 0.0036 			      |	0.2745, 0.5009, 0.0017, 1.4486, 0.0035 
0.2758, 0.5057, 0.0012, 1.4627, 0.0046 			      |	0.2758, 0.5028, 0.0012, 1.4543, 0.0046 
0.2759, 0.5043, 0.0014, 1.4586, 0.0040 			      |	0.2759, 0.5019, 0.0013, 1.4516, 0.0040 
0.2814, 0.4988, 0.0012, 1.4439, 0.0045 			      |	0.2814, 0.4960, 0.0012, 1.4356, 0.0045 
0.2825, 0.4968, 0.0018, 1.4381, 0.0037 			      |	0.2825, 0.4939, 0.0018, 1.4298, 0.0036 
0.2900, 0.4905, 0.0012, 1.4213, 0.0041 			      |	0.2900, 0.4884, 0.0012, 1.4151, 0.0040 
0.2901, 0.4895, 0.0018, 1.4185, 0.0035 			      |	0.2901, 0.4867, 0.0018, 1.4103, 0.0034 
0.2905, 0.4884, 0.0014, 1.4154, 0.0039 			      |	0.2905, 0.4861, 0.0014, 1.4086, 0.0039 
0.2977, 0.4814, 0.0019, 1.3964, 0.0034 			      |	0.2977, 0.4787, 0.0018, 1.3884, 0.0034 
0.3038, 0.4769, 0.0013, 1.3845, 0.0044 			      |	0.3038, 0.4742, 0.0013, 1.3766, 0.0044 
0.3049, 0.4756, 0.0019, 1.3808, 0.0034 			      |	0.3049, 0.4729, 0.0019, 1.3729, 0.0034 
0.3054, 0.4741, 0.0014, 1.3764, 0.0038 			      |	0.3054, 0.4718, 0.0014, 1.3698, 0.0037 
0.3069, 0.4735, 0.0012, 1.3750, 0.0041 			      |	0.3069, 0.4714, 0.0012, 1.3689, 0.0041 
0.3094, 0.4723, 0.0013, 1.3720, 0.0043 			      |	0.3094, 0.4696, 0.0013, 1.3642, 0.0043 
0.3119, 0.4685, 0.0020, 1.3615, 0.0033 			      |	0.3119, 0.4658, 0.0020, 1.3536, 0.0033 
0.3120, 0.4688, 0.0013, 1.3624, 0.0039 			      |	0.3120, 0.4668, 0.0013, 1.3565, 0.0039 
0.3150, 0.4667, 0.0013, 1.3567, 0.0043 			      |	0.3150, 0.4640, 0.0013, 1.3490, 0.0042 
0.3187, 0.4633, 0.0021, 1.3475, 0.0034 			      |	0.3187, 0.4606, 0.0020, 1.3397, 0.0033 
0.3195, 0.4609, 0.0015, 1.3405, 0.0037 			      |	0.3195, 0.4587, 0.0015, 1.3341, 0.0036 
0.3207, 0.4625, 0.0013, 1.3456, 0.0042 			      |	0.3207, 0.4599, 0.0013, 1.3379, 0.0042 
0.3253, 0.4564, 0.0021, 1.3286, 0.0034 			      |	0.3253, 0.4538, 0.0021, 1.3209, 0.0033 
0.3263, 0.4539, 0.0013, 1.3214, 0.0042 			      |	0.3263, 0.4518, 0.0013, 1.3154, 0.0042 
0.3263, 0.4551, 0.0013, 1.3248, 0.0042 			      |	0.3263, 0.4525, 0.0013, 1.3173, 0.0042 
0.3315, 0.4508, 0.0022, 1.3132, 0.0034 			      |	0.3315, 0.4482, 0.0022, 1.3057, 0.0033 
0.3320, 0.4509, 0.0013, 1.3137, 0.0042 			      |	0.3320, 0.4488, 0.0013, 1.3076, 0.0042 
0.3332, 0.4498, 0.0013, 1.3105, 0.0038 			      |	0.3332, 0.4478, 0.0013, 1.3048, 0.0037 
0.3338, 0.4484, 0.0015, 1.3067, 0.0033 			      |	0.3338, 0.4463, 0.0015, 1.3005, 0.0033 
0.3340, 0.4480, 0.0015, 1.3057, 0.0033 			      |	0.3340, 0.4466, 0.0015, 1.3015, 0.0033 
0.3354, 0.4461, 0.0012, 1.3003, 0.0039 			      |	0.3354, 0.4441, 0.0012, 1.2945, 0.0039 
0.3375, 0.4448, 0.0013, 1.2967, 0.0041 			      |	0.3375, 0.4427, 0.0013, 1.2907, 0.0041 
0.3376, 0.4451, 0.0023, 1.2978, 0.0034 			      |	0.3376, 0.4426, 0.0022, 1.2904, 0.0033 
0.3432, 0.4407, 0.0013, 1.2857, 0.0041 			      |	0.3432, 0.4386, 0.0013, 1.2798, 0.0041 
0.3433, 0.4415, 0.0024, 1.2883, 0.0034 			      |	0.3433, 0.4390, 0.0023, 1.2809, 0.0034 
0.3473, 0.4355, 0.0016, 1.2713, 0.0034 			      |	0.3473, 0.4334, 0.0016, 1.2652, 0.0034 
0.3486, 0.4367, 0.0024, 1.2750, 0.0035 			      |	0.3486, 0.4342, 0.0024, 1.2677, 0.0034 
0.3489, 0.4355, 0.0013, 1.2716, 0.0041 			      |	0.3489, 0.4335, 0.0013, 1.2657, 0.0040 
0.3539, 0.4327, 0.0025, 1.2643, 0.0036 			      |	0.3539, 0.4302, 0.0025, 1.2570, 0.0035 
0.3543, 0.4308, 0.0014, 1.2588, 0.0036 			      |	0.3543, 0.4289, 0.0014, 1.2533, 0.0036 
0.3544, 0.4319, 0.0014, 1.2619, 0.0040 			      |	0.3544, 0.4299, 0.0014, 1.2561, 0.0040 
0.3592, 0.4278, 0.0026, 1.2508, 0.0037 			      |	0.3592, 0.4254, 0.0026, 1.2436, 0.0036 
0.3600, 0.4255, 0.0014, 1.2441, 0.0040 			      |	0.3600, 0.4235, 0.0014, 1.2384, 0.0039 
0.3609, 0.4250, 0.0017, 1.2428, 0.0033 			      |	0.3609, 0.4229, 0.0016, 1.2369, 0.0033 
0.3610, 0.4251, 0.0016, 1.2432, 0.0031 			      |	0.3610, 0.4237, 0.0016, 1.2392, 0.0031 
0.3636, 0.4250, 0.0027, 1.2433, 0.0038 			      |	0.3636, 0.4226, 0.0027, 1.2362, 0.0037 
0.3639, 0.4231, 0.0013, 1.2378, 0.0037 			      |	0.3639, 0.4212, 0.0013, 1.2323, 0.0037 
0.3657, 0.4226, 0.0014, 1.2366, 0.0039 			      |	0.3657, 0.4207, 0.0014, 1.2310, 0.0039 
0.3684, 0.4198, 0.0028, 1.2288, 0.0040 			      |	0.3684, 0.4174, 0.0028, 1.2218, 0.0039 
0.3712, 0.4169, 0.0014, 1.2207, 0.0039 			      |	0.3712, 0.4149, 0.0014, 1.2151, 0.0038 
0.3727, 0.4171, 0.0030, 1.2216, 0.0043 			      |	0.3727, 0.4147, 0.0029, 1.2146, 0.0043 
0.3738, 0.4142, 0.0016, 1.2133, 0.0030 			      |	0.3738, 0.4122, 0.0016, 1.2075, 0.0030 
0.3749, 0.4131, 0.0014, 1.2104, 0.0034 			      |	0.3749, 0.4113, 0.0014, 1.2051, 0.0034 
0.3767, 0.4129, 0.0031, 1.2101, 0.0046 			      |	0.3767, 0.4106, 0.0030, 1.2031, 0.0045 
0.3768, 0.4124, 0.0014, 1.2084, 0.0038 			      |	0.3768, 0.4105, 0.0014, 1.2029, 0.0038 
0.3825, 0.4082, 0.0014, 1.1972, 0.0038 			      |	0.3825, 0.4063, 0.0014, 1.1917, 0.0037 
0.3866, 0.4050, 0.0017, 1.1884, 0.0030 			      |	0.3866, 0.4031, 0.0017, 1.1827, 0.0029 
0.3870, 0.4035, 0.0017, 1.1840, 0.0029 			      |	0.3870, 0.4022, 0.0017, 1.1802, 0.0029 
0.3880, 0.4036, 0.0014, 1.1845, 0.0037 			      |	0.3880, 0.4017, 0.0014, 1.1791, 0.0037 
0.3916, 0.4013, 0.0013, 1.1784, 0.0035 			      |	0.3916, 0.3995, 0.0013, 1.1731, 0.0035 
0.3936, 0.4001, 0.0014, 1.1751, 0.0037 			      |	0.3936, 0.3983, 0.0014, 1.1697, 0.0037 
0.3954, 0.3993, 0.0015, 1.1731, 0.0033 			      |	0.3954, 0.3976, 0.0015, 1.1680, 0.0032 
0.3987, 0.3951, 0.0018, 1.1610, 0.0029 			      |	0.3987, 0.3932, 0.0017, 1.1555, 0.0028 
0.3991, 0.3973, 0.0015, 1.1676, 0.0037 			      |	0.3991, 0.3954, 0.0014, 1.1622, 0.0037 
0.4047, 0.3923, 0.0014, 1.1540, 0.0036 			      |	0.4047, 0.3905, 0.0014, 1.1487, 0.0036 
0.4102, 0.3896, 0.0015, 1.1469, 0.0038 			      |	0.4102, 0.3878, 0.0015, 1.1416, 0.0038 
0.4108, 0.3870, 0.0018, 1.1392, 0.0028 			      |	0.4108, 0.3852, 0.0018, 1.1337, 0.0028 
0.4154, 0.3844, 0.0015, 1.1322, 0.0031 			      |	0.4154, 0.3827, 0.0015, 1.1273, 0.0031 
0.4158, 0.3844, 0.0015, 1.1321, 0.0036 			      |	0.4158, 0.3826, 0.0015, 1.1269, 0.0036 
0.4201, 0.3814, 0.0014, 1.1242, 0.0034 			      |	0.4201, 0.3797, 0.0014, 1.1192, 0.0033 
0.4212, 0.3803, 0.0015, 1.1209, 0.0035 			      |	0.4212, 0.3785, 0.0015, 1.1157, 0.0035 
0.4222, 0.3797, 0.0019, 1.1193, 0.0027 			      |	0.4222, 0.3779, 0.0018, 1.1139, 0.0027 
0.4269, 0.3758, 0.0015, 1.1085, 0.0035 			      |	0.4269, 0.3741, 0.0015, 1.1034, 0.0035 
0.4322, 0.3731, 0.0015, 1.1013, 0.0034 			      |	0.4322, 0.3714, 0.0015, 1.0962, 0.0034 
0.4338, 0.3712, 0.0019, 1.0959, 0.0025 			      |	0.4338, 0.3700, 0.0019, 1.0924, 0.0025 
0.4351, 0.3721, 0.0016, 1.0989, 0.0030 			      |	0.4351, 0.3705, 0.0016, 1.0941, 0.0030 
0.4378, 0.3681, 0.0015, 1.0874, 0.0035 			      |	0.4378, 0.3664, 0.0015, 1.0824, 0.0035 
0.4471, 0.3635, 0.0015, 1.0750, 0.0032 			      |	0.4471, 0.3618, 0.0015, 1.0702, 0.0031 
0.4540, 0.3590, 0.0016, 1.0629, 0.0028 			      |	0.4540, 0.3575, 0.0016, 1.0582, 0.0028 
0.4549, 0.3579, 0.0020, 1.0596, 0.0024 			      |	0.4549, 0.3567, 0.0020, 1.0562, 0.0024 
0.4729, 0.3480, 0.0017, 1.0327, 0.0026 			      |	0.4729, 0.3464, 0.0016, 1.0280, 0.0026 
0.4729, 0.3478, 0.0017, 1.0321, 0.0026 			      |	0.4729, 0.3462, 0.0016, 1.0276, 0.0026 
0.4745, 0.3458, 0.0021, 1.0264, 0.0023 			      |	0.4745, 0.3447, 0.0021, 1.0231, 0.0023 
0.4748, 0.3459, 0.0015, 1.0268, 0.0030 			      |	0.4748, 0.3443, 0.0015, 1.0222, 0.0030 
0.4908, 0.3371, 0.0017, 1.0030, 0.0026 			      |	0.4908, 0.3356, 0.0017, 0.9984, 0.0025 
0.4908, 0.3371, 0.0017, 1.0028, 0.0026 			      |	0.4908, 0.3356, 0.0017, 0.9984, 0.0026 
0.4927, 0.3352, 0.0022, 0.9974, 0.0022 			      |	0.4927, 0.3341, 0.0021, 0.9942, 0.0022 
0.5009, 0.3309, 0.0022, 0.9858, 0.0023 			      |	0.5009, 0.3299, 0.0022, 0.9826, 0.0023 
0.5011, 0.3310, 0.0016, 0.9859, 0.0028 			      |	0.5011, 0.3295, 0.0016, 0.9815, 0.0028 
0.5083, 0.3270, 0.0018, 0.9750, 0.0024 			      |	0.5083, 0.3255, 0.0018, 0.9705, 0.0024 
0.5085, 0.3270, 0.0018, 0.9752, 0.0024 			      |	0.5085, 0.3256, 0.0017, 0.9709, 0.0024 
0.5089, 0.3262, 0.0023, 0.9727, 0.0023 			      |	0.5089, 0.3252, 0.0023, 0.9696, 0.0023 
0.5170, 0.3228, 0.0023, 0.9635, 0.0023 			      |	0.5170, 0.3217, 0.0023, 0.9605, 0.0023 
0.5241, 0.3182, 0.0024, 0.9507, 0.0023 			      |	0.5241, 0.3171, 0.0024, 0.9476, 0.0023 
0.5253, 0.3172, 0.0018, 0.9480, 0.0023 			      |	0.5253, 0.3157, 0.0018, 0.9436, 0.0023 
0.5254, 0.3176, 0.0018, 0.9492, 0.0023 			      |	0.5254, 0.3162, 0.0018, 0.9450, 0.0023 
0.5274, 0.3170, 0.0016, 0.9477, 0.0027 			      |	0.5274, 0.3146, 0.0016, 0.9403, 0.0026 
0.5312, 0.3150, 0.0024, 0.9422, 0.0024 			      |	0.5312, 0.3140, 0.0024, 0.9392, 0.0023 
0.5382, 0.3105, 0.0025, 0.9295, 0.0024 			      |	0.5382, 0.3095, 0.0025, 0.9266, 0.0024 
0.5419, 0.3095, 0.0018, 0.9270, 0.0022 			      |	0.5419, 0.3081, 0.0018, 0.9229, 0.0022 
0.5420, 0.3103, 0.0019, 0.9294, 0.0022 			      |	0.5420, 0.3089, 0.0018, 0.9251, 0.0022 
0.5442, 0.3081, 0.0026, 0.9232, 0.0025 			      |	0.5442, 0.3072, 0.0026, 0.9203, 0.0025 
0.5504, 0.3056, 0.0026, 0.9165, 0.0026 			      |	0.5504, 0.3046, 0.0026, 0.9135, 0.0026 
0.5524, 0.3049, 0.0017, 0.9144, 0.0025 			      |	0.5524, 0.3025, 0.0016, 0.9073, 0.0025 
0.5561, 0.3034, 0.0027, 0.9104, 0.0028 			      |	0.5561, 0.3024, 0.0027, 0.9075, 0.0028 
0.5578, 0.3011, 0.0019, 0.9039, 0.0022 			      |	0.5578, 0.2998, 0.0019, 0.9000, 0.0021 
0.5579, 0.3012, 0.0019, 0.9041, 0.0021 			      |	0.5579, 0.2998, 0.0019, 0.9000, 0.0021 
0.5613, 0.3002, 0.0028, 0.9015, 0.0030 			      |	0.5613, 0.2992, 0.0028, 0.8986, 0.0029 
0.5665, 0.2971, 0.0029, 0.8928, 0.0032 			      |	0.5665, 0.2961, 0.0029, 0.8899, 0.0031 
0.5732, 0.2944, 0.0019, 0.8854, 0.0021 			      |	0.5732, 0.2931, 0.0019, 0.8815, 0.0021 
0.5732, 0.2937, 0.0019, 0.8834, 0.0020 			      |	0.5732, 0.2923, 0.0019, 0.8793, 0.0020 
0.5775, 0.2936, 0.0017, 0.8836, 0.0024 			      |	0.5775, 0.2913, 0.0017, 0.8768, 0.0023 
0.5878, 0.2868, 0.0020, 0.8643, 0.0019 			      |	0.5878, 0.2855, 0.0019, 0.8606, 0.0019 
0.5879, 0.2874, 0.0019, 0.8661, 0.0019 			      |	0.5879, 0.2861, 0.0019, 0.8621, 0.0019 
0.6011, 0.2811, 0.0017, 0.8488, 0.0022 			      |	0.6011, 0.2789, 0.0017, 0.8422, 0.0022 
0.6022, 0.2810, 0.0020, 0.8484, 0.0019 			      |	0.6022, 0.2797, 0.0020, 0.8445, 0.0019 
0.6022, 0.2813, 0.0020, 0.8494, 0.0019 			      |	0.6022, 0.2801, 0.0020, 0.8457, 0.0019 
0.6157, 0.2744, 0.0020, 0.8302, 0.0018 			      |	0.6157, 0.2732, 0.0020, 0.8264, 0.0018 
0.6157, 0.2743, 0.0020, 0.8299, 0.0018 			      |	0.6157, 0.2731, 0.0020, 0.8262, 0.0018 
0.6249, 0.2715, 0.0018, 0.8223, 0.0021 			      |	0.6249, 0.2694, 0.0018, 0.8159, 0.0021 
0.6288, 0.2699, 0.0021, 0.8180, 0.0017 			      |	0.6288, 0.2687, 0.0020, 0.8144, 0.0017 
0.6290, 0.2702, 0.0021, 0.8190, 0.0018 			      |	0.6290, 0.2690, 0.0021, 0.8152, 0.0018 
0.6414, 0.2638, 0.0021, 0.8008, 0.0017 			      |	0.6414, 0.2627, 0.0021, 0.7973, 0.0017 
0.6415, 0.2632, 0.0021, 0.7991, 0.0017 			      |	0.6415, 0.2620, 0.0021, 0.7955, 0.0017 
0.6468, 0.2624, 0.0018, 0.7971, 0.0020 			      |	0.6468, 0.2603, 0.0018, 0.7909, 0.0020 
0.6536, 0.2601, 0.0021, 0.7908, 0.0016 			      |	0.6536, 0.2589, 0.0021, 0.7874, 0.0016 
0.6536, 0.2591, 0.0021, 0.7879, 0.0017 			      |	0.6536, 0.2579, 0.0021, 0.7843, 0.0017 
0.6536, 0.2592, 0.0021, 0.7882, 0.0015 			      |	0.6536, 0.2580, 0.0021, 0.7844, 0.0015 
0.6651, 0.2549, 0.0021, 0.7764, 0.0015 			      |	0.6651, 0.2538, 0.0021, 0.7730, 0.0015 
0.6652, 0.2548, 0.0021, 0.7760, 0.0015 			      |	0.6652, 0.2536, 0.0021, 0.7722, 0.0015 
0.6652, 0.2547, 0.0021, 0.7756, 0.0015 			      |	0.6652, 0.2535, 0.0021, 0.7720, 0.0015 
0.6690, 0.2536, 0.0019, 0.7726, 0.0019 			      |	0.6690, 0.2516, 0.0018, 0.7666, 0.0018 
0.6761, 0.2506, 0.0022, 0.7644, 0.0015 			      |	0.6761, 0.2495, 0.0022, 0.7610, 0.0015 
0.6763, 0.2509, 0.0022, 0.7653, 0.0015 			      |	0.6763, 0.2498, 0.0022, 0.7618, 0.0015 
0.6764, 0.2511, 0.0022, 0.7658, 0.0015 			      |	0.6764, 0.2499, 0.0021, 0.7621, 0.0015 
0.6867, 0.2470, 0.0022, 0.7543, 0.0014 			      |	0.6867, 0.2458, 0.0022, 0.7506, 0.0014 
0.6895, 0.2444, 0.0020, 0.7466, 0.0020 			      |	0.6895, 0.2425, 0.0020, 0.7408, 0.0020 
0.6969, 0.2437, 0.0022, 0.7455, 0.0015 			      |	0.6969, 0.2426, 0.0022, 0.7421, 0.0015 
0.6970, 0.2430, 0.0022, 0.7433, 0.0014 			      |	0.6970, 0.2418, 0.0022, 0.7397, 0.0014 
0.7064, 0.2403, 0.0022, 0.7359, 0.0014 			      |	0.7064, 0.2391, 0.0022, 0.7323, 0.0014 
0.7101, 0.2387, 0.0019, 0.7316, 0.0016 			      |	0.7101, 0.2369, 0.0019, 0.7259, 0.0016 
0.7151, 0.2367, 0.0023, 0.7259, 0.0014 			      |	0.7151, 0.2357, 0.0023, 0.7226, 0.0014 
0.7152, 0.2370, 0.0023, 0.7268, 0.0014 			      |	0.7152, 0.2359, 0.0023, 0.7233, 0.0014 
0.7239, 0.2349, 0.0023, 0.7210, 0.0014 			      |	0.7239, 0.2337, 0.0023, 0.7175, 0.0014 
0.7290, 0.2326, 0.0019, 0.7144, 0.0016 			      |	0.7290, 0.2307, 0.0019, 0.7089, 0.0015 
0.7295, 0.2320, 0.0019, 0.7129, 0.0016 			      |	0.7295, 0.2302, 0.0019, 0.7074, 0.0015 
0.7300, 0.2319, 0.0019, 0.7125, 0.0016 			      |	0.7300, 0.2299, 0.0019, 0.7063, 0.0015 
0.7325, 0.2316, 0.0023, 0.7119, 0.0015 			      |	0.7325, 0.2305, 0.0023, 0.7085, 0.0014 
0.7325, 0.2316, 0.0024, 0.7119, 0.0016 			      |	0.7325, 0.2306, 0.0024, 0.7087, 0.0016 
0.7402, 0.2294, 0.0024, 0.7058, 0.0015 			      |	0.7402, 0.2283, 0.0024, 0.7024, 0.0015 
0.7474, 0.2267, 0.0024, 0.6982, 0.0015 			      |	0.7474, 0.2256, 0.0024, 0.6948, 0.0015 
0.7474, 0.2263, 0.0025, 0.6971, 0.0019 			      |	0.7474, 0.2253, 0.0025, 0.6939, 0.0019 
0.7482, 0.2263, 0.0020, 0.6971, 0.0015 			      |	0.7482, 0.2246, 0.0020, 0.6917, 0.0015 
0.7486, 0.2264, 0.0020, 0.6973, 0.0015 			      |	0.7486, 0.2244, 0.0020, 0.6912, 0.0015 
0.7546, 0.2254, 0.0025, 0.6949, 0.0018 			      |	0.7546, 0.2243, 0.0025, 0.6915, 0.0017 
0.7603, 0.2227, 0.0025, 0.6871, 0.0017 			      |	0.7603, 0.2216, 0.0025, 0.6837, 0.0017 
0.7656, 0.2199, 0.0020, 0.6790, 0.0014 			      |	0.7656, 0.2182, 0.0020, 0.6737, 0.0014 
0.7661, 0.2204, 0.0020, 0.6807, 0.0014 			      |	0.7661, 0.2185, 0.0020, 0.6747, 0.0014 
0.7836, 0.2155, 0.0020, 0.6669, 0.0013 			      |	0.7836, 0.2136, 0.0020, 0.6611, 0.0013 
0.7996, 0.2108, 0.0020, 0.6540, 0.0013 			      |	0.7996, 0.2090, 0.0020, 0.6482, 0.0013 
0.8157, 0.2065, 0.0021, 0.6419, 0.0012 			      |	0.8157, 0.2047, 0.0021, 0.6363, 0.0012 
0.8303, 0.2027, 0.0021, 0.6315, 0.0012 			      |	0.8303, 0.2009, 0.0021, 0.6260, 0.0012 
0.8449, 0.1981, 0.0021, 0.6183, 0.0012 			      |	0.8449, 0.1963, 0.0021, 0.6129, 0.0011 
0.8586, 0.1951, 0.0021, 0.6103, 0.0011 			      |	0.8586, 0.1934, 0.0021, 0.6050, 0.0011 
0.8718, 0.1922, 0.0022, 0.6023, 0.0011 			      |	0.8718, 0.1905, 0.0021, 0.5970, 0.0011 
0.8838, 0.1895, 0.0022, 0.5949, 0.0011 			      |	0.8838, 0.1879, 0.0022, 0.5897, 0.0010 
0.8960, 0.1861, 0.0023, 0.5850, 0.0014 			      |	0.8960, 0.1844, 0.0023, 0.5799, 0.0013 
0.9070, 0.1836, 0.0022, 0.5781, 0.0010 			      |	0.9070, 0.1820, 0.0022, 0.5731, 0.0010 
0.9174, 0.1814, 0.0023, 0.5719, 0.0011 			      |	0.9174, 0.1798, 0.0023, 0.5669, 0.0011 
0.9275, 0.1787, 0.0023, 0.5644, 0.0010 			      |	0.9275, 0.1772, 0.0022, 0.5595, 0.0010 
0.9374, 0.1776, 0.0024, 0.5616, 0.0014 			      |	0.9374, 0.1760, 0.0024, 0.5566, 0.0014 
0.9459, 0.1751, 0.0023, 0.5545, 0.0011 			      |	0.9459, 0.1736, 0.0023, 0.5496, 0.0011 
0.9547, 0.1732, 0.0023, 0.5490, 0.0011 			      |	0.9547, 0.1716, 0.0023, 0.5442, 0.0011 
0.9627, 0.1717, 0.0024, 0.5449, 0.0014 			      |	0.9627, 0.1702, 0.0024, 0.5402, 0.0014 
0.9700, 0.1700, 0.0024, 0.5401, 0.0012 			      |	0.9700, 0.1685, 0.0024, 0.5354, 0.0011 
0.9772, 0.1693, 0.0026, 0.5383, 0.0017 			      |	0.9772, 0.1678, 0.0025, 0.5336, 0.0016 
